   2.0000000e+00  -1.2863746e+00  -1.9147676e+00   5.7015010e-01  -4.9213651e-01  -2.2203646e-01  -8.0523233e-01
   2.0000000e+00  -1.3916275e+00  -1.3852208e+00   2.1015384e-01   2.2385666e+00   2.0880803e-02   1.7446852e-01
   2.0000000e+00  -1.2591850e+00  -2.4682009e+00   2.1486317e-01  -2.9715967e-01   1.6904848e+00   6.4015669e-01
   2.0000000e+00  -4.9314287e-01   1.6429135e-01   9.3515020e-01   6.7746390e-01  -8.3791981e-01  -1.1384604e+00
   2.0000000e+00  -5.6248505e-01  -5.5284751e-01   4.1551596e-02   1.1691872e+00   4.2331134e-01  -4.1355247e-01
   2.0000000e+00   5.7537023e-01   1.6543659e-01  -1.0483567e+00   1.3874723e+00   1.7065188e+00   8.1379495e-02
   2.0000000e+00  -1.1519105e-01  -2.3760950e-01   6.0752643e-01  -1.4851474e+00   1.5675892e+00  -4.4459238e-01
   2.0000000e+00  -1.2055339e+00   5.5631850e-02   1.4722408e+00  -6.6890611e-01   1.2650849e-01  -2.3637919e-01
   2.0000000e+00  -1.3680197e+00  -8.3579328e-01  -5.2668341e-01  -1.6948363e+00   1.0727705e+00  -5.2264898e-01
   2.0000000e+00   3.5331638e-01   1.1938260e+00  -1.6174238e+00  -7.6430783e-02   1.8126388e+00   1.6367135e+00
   2.0000000e+00  -1.5298847e+00  -2.0035450e-01  -4.8637381e-01   8.5649701e-01   2.7186065e+00  -1.8185302e+00
   2.0000000e+00  -6.6564610e-03   6.7434561e-01   2.5300893e+00   2.9842088e-01  -6.6801030e-01   1.0242272e-01
   2.0000000e+00   9.2927201e-01  -1.2387043e+00  -3.1665172e-01  -1.0817525e+00   5.2507274e-01   1.7795030e+00
   2.0000000e+00  -8.9093341e-01   7.4889959e-01  -1.0277476e+00   1.8275893e+00  -4.7681934e-01  -3.5006834e-01
   2.0000000e+00   1.0202331e+00  -5.5182085e-01  -6.8128291e-01  -6.0928661e-01   6.0270082e-01   2.0536450e-01
   2.0000000e+00   4.8938005e-01   1.9304061e+00  -7.8153441e-01   1.4294380e+00  -1.9303517e+00  -2.0210355e+00
   1.0000000e+00  -4.6960978e-01  -1.0334987e+00  -9.8437037e-01   7.6174278e-03  -2.1159080e+00  -1.6235868e+00
   2.0000000e+00  -3.6748334e-01  -1.5526548e+00   3.5757110e-01   9.9094104e-01  -4.4929985e-01  -1.4739763e+00
   2.0000000e+00   1.1798701e+00  -1.0126132e+00   7.7887713e-01   7.8889634e-01  -1.0027646e+00   1.5668707e+00
   2.0000000e+00  -3.1793299e-01  -6.7963940e-01  -1.2589628e+00   3.3041852e+00  -8.6217553e-01   7.7262435e-01
   2.0000000e+00  -1.7860873e+00   3.0604457e-01  -1.0957078e+00   1.3727730e-01  -4.6571529e-01  -5.2292031e-01
   2.0000000e+00  -2.0684589e+00   3.0195525e-01   1.4434790e+00  -6.6927905e-01   8.8214158e-01   2.6046994e-01
   2.0000000e+00   5.0853873e-01   7.6855071e-01   8.5756765e-01   1.2738680e+00  -1.1383172e+00   1.9030436e+00
   2.0000000e+00   1.2060029e-01  -1.0800434e+00  -1.8733141e-01  -3.1801961e-01   1.8698454e+00  -8.6534876e-01
   2.0000000e+00  -7.7597995e-01  -4.2998349e-01  -8.5782607e-01  -4.0439503e-01   3.9076179e-01   4.7767108e-01
   2.0000000e+00  -2.6947016e-01   4.9535915e-01  -1.7032796e-01  -2.6000102e-01  -1.2512756e+00   8.1350825e-01
   2.0000000e+00  -2.4427753e-01   3.6574253e-01   2.8093287e-01  -2.1581392e-01   1.2597281e+00  -1.2256380e+00
   1.0000000e+00   9.0167751e-01  -1.1790888e-01   6.1204864e-01   3.7586821e-01   1.4262647e-01  -1.2255565e+00
   2.0000000e+00   1.0819378e+00   1.1039314e+00  -1.2770542e+00   8.6481364e-01  -6.5274389e-01   3.4520061e-01
   2.0000000e+00  -1.1598946e-01  -1.2974318e+00   1.4842115e+00  -1.1088415e+00  -5.9481106e-01   6.0732637e-01
   1.0000000e+00  -9.6280250e-01  -1.5129181e+00  -6.2223925e-01   7.6480259e-01  -6.6977277e-01  -1.4298943e+00
   2.0000000e+00   1.9245700e-01   1.0431063e+00   1.5182178e+00  -9.1691208e-01   3.8742947e-01   1.0741753e+00
   2.0000000e+00   1.6125786e+00  -1.5239116e+00   5.4523311e-01  -8.8073614e-01   3.4554819e-01  -4.2457025e-01
   2.0000000e+00   1.5908659e-03  -1.2723770e+00   5.5085182e-03  -3.1759280e+00  -1.9879855e-01  -1.8380320e+00
   1.0000000e+00  -1.1739099e-01   5.8363972e-01  -3.7052731e-01   1.9743712e-01  -4.5741791e-01   2.2592863e-01
   2.0000000e+00  -1.0780696e-01   2.8445169e-01  -6.0301266e-01   9.0097223e-01   6.9295237e-01   1.2936334e+00
   2.0000000e+00  -1.3671106e+00  -9.1336830e-02  -1.9232757e+00   7.4383259e-02   1.3183945e+00  -2.6494608e-01
   2.0000000e+00   3.0405903e-02   1.5137739e+00  -1.2001610e+00   8.9274156e-02  -2.7149698e-01   1.4055897e+00
   2.0000000e+00   3.3704218e-01  -5.2945123e-01   8.5684758e-01  -1.0789744e-02  -9.5095021e-01   7.5071665e-01
   2.0000000e+00  -2.9337168e+00   3.5693067e-01   1.2081853e+00   7.0901598e-01   3.5928278e-01  -1.3571545e+00
   1.0000000e+00  -1.6335612e+00   3.5855349e+00  -5.3238668e-02   7.7971258e-01  -4.1835166e-01  -8.4653464e-01
   1.0000000e+00   3.1631640e-01  -1.2780902e+00  -5.6986648e-01   3.2508955e-01   5.2428256e-01  -4.5426311e-02
   1.0000000e+00  -1.8666461e-01   5.4466986e-01   4.9006490e-01   6.2935503e-03   2.8457039e-01   1.1949089e+00
   2.0000000e+00  -2.0143286e-01   6.8565246e-01   9.0713435e-01  -1.4641667e+00  -3.5564816e-01   5.1034565e-01
   2.0000000e+00   7.1612148e-02  -9.1876175e-01  -1.3790037e+00   6.6189071e-01  -1.4876561e+00  -1.3975548e+00
   2.0000000e+00  -1.1629982e+00   3.7372141e-01   8.5412486e-01  -1.3582994e+00  -8.8288384e-01   1.3796696e+00
   2.0000000e+00   9.3048218e-02  -6.9639941e-01   1.3073255e-01  -5.5907310e-01   1.0829449e+00   1.9270443e-01
   2.0000000e+00   7.4494975e-01   4.5917911e-01   3.4836905e-02  -1.0463111e+00  -7.7003010e-01   8.6663532e-01
   1.0000000e+00  -1.2135699e+00   3.6988316e-01   6.0373417e-02   5.3515299e-01  -1.1377424e-01  -5.8570132e-01
   2.0000000e+00   3.8049866e-01  -9.6617429e-01  -2.8326039e-01  -1.2936370e+00   6.4301814e-01  -1.0125402e+00
   2.0000000e+00  -6.7195472e-01   1.7034415e+00  -2.0988315e-01  -2.1547901e-01  -7.9293832e-01  -9.7417752e-01
   1.0000000e+00   6.2082412e-01  -1.5928906e+00   8.3088840e-01   4.5985972e-01  -1.6493101e+00   1.0870458e+00
   2.0000000e+00   6.9102352e-01   1.0929548e-01   3.2055789e-01   1.0163329e+00   1.0001454e-01  -2.0290104e+00
   2.0000000e+00   1.2343954e+00  -7.7678082e-01   1.2122612e+00  -6.7163542e-01  -8.5056509e-01   2.3517787e-02
   1.0000000e+00   6.4326980e-01   1.0803144e+00   1.2789012e-01   1.3578757e-01  -1.8460592e+00  -5.8066880e-01
   2.0000000e+00  -2.0250710e-01   4.7097592e-01  -1.3948789e+00  -6.7441002e-01  -6.1800060e-01  -4.4920402e-01
   2.0000000e+00   5.9353226e-01  -1.1908193e-01   6.1164073e-01  -1.2446943e+00   7.1867065e-01  -5.7401925e-01
   1.0000000e+00   3.8661499e-01   4.9887812e-01  -5.4070348e-01   7.9850789e-01  -3.4533182e-01  -2.7858227e-01
   2.0000000e+00  -8.6178828e-02  -4.7689683e-01  -1.1961777e+00   4.0869780e-01   1.8624810e-01   2.4272314e-01
   1.0000000e+00   9.1006001e-01  -9.6415863e-01  -3.7125508e-01   8.9557080e-01  -1.8525323e-02  -7.1708624e-01
   2.0000000e+00   9.6440357e-01   5.9387447e-01   1.1064273e+00  -6.5127676e-01   1.4547671e+00  -9.4005874e-01
   2.0000000e+00  -8.9919570e-01  -5.1099642e-01  -1.3333777e+00   1.0561122e+00   4.6228234e-01  -1.4890108e+00
   2.0000000e+00   2.0190715e-01   4.0631817e-02   6.0654626e-01  -1.1728861e+00   5.5628654e-01  -1.0750397e+00
   1.0000000e+00   2.0480916e-03   3.2304640e-01  -4.0836305e-01   3.3073135e-01  -7.0564123e-01   1.3417508e+00
   1.0000000e+00   1.7032955e+00  -1.3877811e+00  -3.5463721e-01   3.8584559e-01  -1.6301191e-01  -4.5035716e-01
   2.0000000e+00  -1.1099318e+00   1.4148731e+00  -7.9784339e-01  -1.7173661e+00   7.0847266e-01  -1.5861598e+00
   1.0000000e+00  -5.6917915e-01  -7.2448495e-01  -4.0258856e-01   7.8056353e-01  -2.2368755e-01  -8.8586318e-01
   2.0000000e+00  -1.8848410e+00  -1.4461982e+00   1.0805942e+00   1.6155811e+00  -1.6556723e-01   3.0580318e-01
   2.0000000e+00  -1.7601571e+00   2.4078799e-01  -3.9322349e-01   1.2395605e+00  -1.9367199e-03  -1.1257767e-01
   2.0000000e+00   2.3378312e+00  -6.0153961e-01  -1.2160561e-01  -4.1954260e-02  -6.1574563e-01   6.7004847e-02
   2.0000000e+00   1.3630115e-01   1.0292463e+00  -1.2500337e+00   2.7914280e-01  -9.8769152e-01  -3.5246096e-01
   2.0000000e+00   1.3557993e+00   1.5134678e+00  -1.0323393e+00  -3.3769514e-01   4.7283215e-01   1.3300223e+00
   2.0000000e+00  -5.4756841e-01  -3.7810525e-01  -2.1423337e-01  -9.0575346e-01   1.8521557e-01  -7.1309347e-01
   2.0000000e+00   5.1818299e-02   1.1572769e+00   5.0195583e-01  -6.4486288e-01  -1.4619849e+00  -8.0003567e-01
   1.0000000e+00  -1.1904194e+00   2.6989108e-02   4.0851689e-02   3.6535625e-01   1.3728658e-01  -1.8550770e+00
   2.0000000e+00  -2.2633120e+00  -1.3457475e+00  -6.8991852e-01  -2.1752907e-01   2.2255924e-01  -1.5532140e-01
   2.0000000e+00   2.0180893e+00  -2.7618785e-01  -2.1713156e-01   2.1531041e+00  -1.3007533e+00  -3.3606989e-01
   1.0000000e+00   1.2760614e-01  -1.4903626e+00   8.6183021e-01   4.3312903e-01   9.3135902e-01   5.4040749e-01
   1.0000000e+00  -7.7549464e-01   1.8887298e+00  -2.1067042e-01   4.0551947e-01   5.3485568e-01  -5.5651730e-01
   2.0000000e+00  -7.6073134e-02  -4.7794812e-01   1.4914979e+00  -2.3326588e-01   5.5320249e-02  -1.1626118e+00
   2.0000000e+00   1.7146466e+00  -8.6171551e-01  -9.0556021e-01  -7.4660012e-02   6.2793591e-01  -1.9733189e+00
   2.0000000e+00   9.6792911e-02   4.4343540e-03  -1.4470667e+00  -9.2877216e-01  -1.4963915e+00   2.8518103e+00
   2.0000000e+00   1.6668129e+00  -2.0201068e-01   2.8476223e-01   1.2725850e+00  -9.4468772e-01   3.8171216e-01
   2.0000000e+00  -2.2402345e-01   9.2137905e-01  -4.0233218e-01  -1.0319434e+00  -6.7395348e-01   2.0481080e+00
   2.0000000e+00  -7.8474988e-01   4.1084526e-03  -8.9743187e-02  -3.8597905e-01   1.1903504e+00   4.1072617e-01
   2.0000000e+00   1.4719065e+00  -1.9073842e+00   9.8707436e-02  -6.5495540e-01  -1.4755672e+00  -1.4646168e+00
   2.0000000e+00  -2.0031123e+00   2.1296499e+00   1.5941463e+00   1.5944660e+00   9.2938325e-01   9.9545256e-01
   2.0000000e+00   8.2264950e-01   2.2002894e+00  -1.0614124e+00   8.8649260e-01  -3.8866677e-01  -4.2064113e-01
   2.0000000e+00   1.4436566e+00   1.4031148e+00   2.6001650e-01  -2.5383684e-01   1.2177472e+00   1.2159042e+00
   2.0000000e+00  -6.5331666e-02  -1.4584162e+00   1.0316880e+00  -3.2624450e-02   2.3732995e-01   1.0298135e+00
   1.0000000e+00   8.1902640e-01  -8.5353276e-01  -7.6520888e-01   4.0328835e-01  -1.5510510e-01   6.6727740e-01
   2.0000000e+00   1.8191345e+00   2.7926055e-01  -4.0091325e-02  -5.0289258e-01   6.3199317e-01   3.5209894e-01
   2.0000000e+00  -2.5256477e-01  -1.7038147e+00   1.1954966e+00  -7.7315227e-01  -1.2952308e+00  -2.0411488e-01
   2.0000000e+00   9.6358223e-02  -1.0366547e+00  -9.8991340e-01   8.5137260e-01   9.1745032e-01   1.8360335e+00
   1.0000000e+00   8.4379792e-02  -4.4433224e-01   3.7604380e-01   4.7928454e-01  -8.1059487e-02  -1.3277654e-01
   1.0000000e+00  -5.7666815e-01   4.3560686e-01  -4.5151470e-01   4.5343517e-01   7.7637155e-01  -1.2222172e+00
   2.0000000e+00   2.4742976e+00   3.8510815e-01   2.9757669e-01   1.2560563e+00   2.3554348e-01  -1.2639656e+00
   2.0000000e+00  -1.5390483e-01   7.9123013e-01   7.1990678e-01  -1.0914157e+00   2.6461058e-01   1.4489011e-01
   2.0000000e+00   1.4668794e+00   8.7504212e-01   2.0235962e+00   5.9014919e-01   3.9547178e-01  -8.2005375e-01
   2.0000000e+00  -6.0335293e-02  -6.6873659e-01  -1.5512564e+00   1.1596401e+00  -1.2094227e+00  -1.6113302e+00
   2.0000000e+00  -1.6207864e-01  -1.5466445e+00   2.3842050e-01   1.4622162e+00   9.1857151e-02  -3.3765718e-01
   1.0000000e+00   3.6229264e-01  -2.4401833e-01  -2.3003238e-01   1.6178439e-01  -1.0292351e+00   6.4052900e-01
   2.0000000e+00   6.4873273e-01   1.3270583e+00  -2.8041090e-01  -9.3236557e-02   3.2677571e-01   9.6426528e-01
   1.0000000e+00  -9.5779503e-01  -2.5236430e-01  -3.8817595e-01   7.4132033e-01   1.0310912e+00  -7.9510714e-02
   2.0000000e+00   1.1202420e+00   1.1143768e+00  -1.2929124e+00  -7.6598625e-01   5.7205496e-01  -7.2993338e-01
   2.0000000e+00   5.8228614e-01  -1.2494282e+00   1.1595181e-02  -2.2983386e+00  -1.1597600e-01  -4.9696908e-01
   1.0000000e+00  -1.2573070e-01   1.1024457e+00   5.2505335e-01   4.2382998e-01  -7.8954235e-01  -1.4826279e+00
   2.0000000e+00   6.5402730e-01   7.4396314e-01  -1.6906808e-01  -4.1001753e-01  -1.2987248e+00   2.1983761e-01
   2.0000000e+00  -4.1907265e-01   1.2207041e+00   2.5776999e+00  -2.8283803e-01   1.8056376e-01  -7.7135446e-01
   2.0000000e+00   7.1895300e-01   5.7415165e-01  -1.6285514e+00  -1.7728635e-01   1.6801238e+00  -6.3712636e-01
   1.0000000e+00  -1.6086573e+00   1.3215799e+00   8.7045868e-02   1.7301630e-01   2.1946171e-01  -4.7541782e-01
   2.0000000e+00   1.8922473e-01  -3.9998891e-01   1.4538616e+00   4.8613609e-01   2.9880831e-02  -2.7375220e-01
   2.0000000e+00   1.5936092e-01  -9.2784606e-01  -1.2624431e+00  -1.0284398e+00   6.7192917e-01   3.7143880e-01
   2.0000000e+00   6.3722787e-01   1.0936923e+00  -1.5660950e+00  -3.2572127e-01  -1.9526037e-01  -5.2164751e-02
   2.0000000e+00   1.5379729e+00   1.8150695e+00   1.3861509e-01  -8.9781941e-01   5.8909658e-01   1.2192101e+00
   1.0000000e+00  -3.6878325e-01  -6.8640021e-01  -6.3536571e-01   8.4391008e-02  -1.6139815e-01  -3.8927642e-01
   2.0000000e+00   9.4991982e-01  -3.8527706e-01  -7.7731909e-01  -1.0698235e+00   9.3590826e-01   5.4722353e-01
   2.0000000e+00  -2.3337924e-01  -7.7885414e-01  -1.3104023e+00  -1.1180647e+00  -2.6214309e-01  -1.1251703e+00
   2.0000000e+00  -3.6449018e-01  -1.5120429e-01   5.0885236e-01  -4.5476792e-01  -5.8725958e-01  -1.2027083e+00
   2.0000000e+00  -3.1336679e-01   1.5682883e+00  -1.4319175e+00   1.1718736e-02   1.9259032e+00  -1.9131213e+00
   2.0000000e+00   2.6219624e-01  -1.4209586e+00  -1.7935717e-01  -9.5159707e-01  -7.1342830e-01  -5.3544601e-01
   2.0000000e+00  -1.5380335e+00   3.5565589e-02  -1.4484797e+00  -1.7057377e-01  -3.6592286e-02  -5.6861656e-02
   2.0000000e+00  -4.1557277e-01  -6.4711197e-01  -1.2324381e-01  -4.7621663e-01   3.4044225e-01  -2.5694158e-01
   2.0000000e+00  -4.6607951e-01  -7.5844776e-01  -9.3571505e-01   7.4112499e-01  -1.4836410e-01   3.5312168e-01
   2.0000000e+00  -1.9285097e+00  -2.6800350e-01   1.2337866e+00   6.6182919e-01   5.5676102e-02   2.7537566e-01
   2.0000000e+00   1.2323820e+00  -2.7514948e-01  -1.3091382e-01   1.2438941e+00  -7.7065595e-02  -1.0683597e+00
   2.0000000e+00  -5.8409522e-01   3.2284420e-02   9.1186205e-01  -1.6095173e+00  -2.3163729e+00   1.6103675e+00
   2.0000000e+00  -4.9244815e-01  -8.8425857e-01  -8.6171511e-01  -1.4246163e+00  -5.0945396e-01   1.0738520e+00
   2.0000000e+00   1.7375495e+00  -5.8117966e-01   7.5776572e-01   1.9635004e+00  -1.4915760e-01   7.0688818e-01
   2.0000000e+00   2.8754565e-01   2.8138427e-01   1.7454159e+00  -6.3241169e-01  -7.3709141e-01  -3.7749794e-01
   2.0000000e+00  -2.8707825e-01   7.4372758e-01  -1.9795555e+00   9.0289367e-02   5.5504631e-01   1.4452762e+00
   1.0000000e+00  -5.8282695e-01   8.2123112e-01  -3.3502941e-01   6.2755616e-01  -1.5458558e+00   6.7793602e-01
   2.0000000e+00   1.6127205e+00   8.7898092e-01   5.0232553e-02  -8.3034565e-02  -3.8333079e-01   1.1615026e+00
   2.0000000e+00  -1.2146617e+00   6.4234064e-01  -1.0800143e+00  -1.4891960e+00  -6.0471425e-01  -7.4834588e-01
   2.0000000e+00  -2.2427651e-01  -1.6687389e-01   2.0919649e+00  -7.1053668e-02   7.7762833e-01   1.2114930e+00
   2.0000000e+00   1.4177438e-01  -1.3379212e+00  -1.5818649e-01  -4.9182382e-01   6.8136702e-01  -1.9313305e-01
   2.0000000e+00  -7.9424442e-01   1.1779633e+00   1.8467286e+00   1.9513006e+00   3.3339891e-01  -7.1567860e-01
   2.0000000e+00   2.1117185e-01   1.8230551e-01  -9.9385136e-01   1.6390096e+00   1.7091314e-01  -1.0103789e+00
   1.0000000e+00  -8.1252693e-01  -3.0450681e-01  -2.3653375e-01   3.3980788e-01  -9.2333686e-01  -7.2276109e-01
   2.0000000e+00   3.4062774e-01  -4.4757844e-01  -5.3390764e-01  -6.0576480e-01   2.9357890e-01  -1.6082225e+00
   2.0000000e+00  -9.6327855e-02   2.4315020e-02  -2.3940501e+00   1.0292916e-01   5.3737698e-01  -6.0789262e-01
   1.0000000e+00   7.8806600e-01   7.4028231e-01  -7.9713098e-01   2.3994120e-01   8.9750898e-01  -9.5978087e-01
   2.0000000e+00   9.3170311e-02   1.8481965e+00  -4.1277931e-01  -1.0810042e+00  -2.3665088e-01   8.9709879e-01
   1.0000000e+00  -9.8541212e-01   1.3430963e+00   9.1069683e-02   9.3155220e-01   1.2675639e+00   1.5237846e+00
   2.0000000e+00  -1.4055055e-01   1.9370173e-01  -1.5490559e+00  -1.7108422e-01   1.2785637e+00  -5.2933958e-01
   2.0000000e+00  -1.9281503e-01   5.8396423e-02   9.9801890e-02  -1.4194840e+00   9.3681015e-01  -1.3778756e-01
   2.0000000e+00   1.4127926e+00   3.0654578e-02   6.6459485e-01  -9.9832657e-01  -7.5513490e-01  -9.3335927e-01
   2.0000000e+00   3.7002666e-01   4.0817043e-01   3.3320837e-01   1.1176426e+00   4.2649898e-01   1.0372268e+00
   2.0000000e+00  -1.9887355e-01  -5.1393570e-01   1.1162859e-02  -8.1144599e-02  -1.2242679e+00  -1.3661639e+00
   2.0000000e+00  -6.0101707e-01   8.5905292e-02   3.9302011e-01   1.4475881e+00   5.3966159e-01   1.3724105e+00
   2.0000000e+00   1.0936166e-01  -5.5633430e-01   5.9494482e-01  -4.5959576e-01   1.7892900e-01   6.4625697e-01
   1.0000000e+00  -1.1687743e+00  -5.6345933e-01  -4.2624861e-01   8.4636955e-02  -2.8676393e-01  -1.9087895e+00
   2.0000000e+00  -2.0169668e+00  -6.2938129e-01   1.9080958e-01  -2.0926851e+00  -6.5115635e-01  -5.4933840e-01
   2.0000000e+00   7.3298330e-01   7.7166568e-01   1.1697783e+00   2.7013330e-01  -4.9554046e-01  -4.0775322e-01
   2.0000000e+00  -7.2895369e-02   6.6917309e-01  -1.3618566e+00  -1.7179024e+00  -1.7241677e+00   5.2510074e-01
   2.0000000e+00   2.0467691e+00  -1.6952555e-01   9.6546835e-01  -1.0545730e+00  -1.3130043e+00   1.2392605e+00
   1.0000000e+00   1.9717219e+00   1.1235163e+00   3.9441566e-01   3.5942702e-01  -1.1972234e+00  -6.8324132e-02
   2.0000000e+00   1.1419104e+00   3.6075565e-03   1.9338397e+00   1.6493061e+00  -5.7761670e-01  -5.7285217e-01
   2.0000000e+00  -4.5759957e-01   2.3442224e-01   5.0912581e-01  -1.5802565e-01   3.5722474e-01  -2.5936717e+00
   2.0000000e+00  -1.6860226e-01   6.3463435e-01   3.8395188e-01  -1.9197587e-03  -1.8495402e+00  -6.1210369e-01
   2.0000000e+00   1.1451829e+00  -4.6753524e-01  -5.9869980e-01   1.1992395e+00  -4.8561198e-02   1.1156685e+00
   2.0000000e+00   9.9193802e-01  -6.8823170e-01   1.8136181e+00   1.6307319e-01  -1.5079098e+00  -7.3801375e-01
   2.0000000e+00  -8.8261786e-01   1.1399151e+00  -6.2357873e-01  -1.0025171e-01   3.6239529e-02   5.8787114e-01
   2.0000000e+00   8.7951041e-02  -1.1403106e-02  -6.1019828e-01  -1.5024065e-01   1.5918782e-01   3.7988069e-01
   2.0000000e+00   1.1490990e-01   3.7666355e-01  -2.9929833e-01  -7.1019945e-01   5.7995545e-01  -1.5371794e+00
   1.0000000e+00  -1.0033379e+00   9.2220307e-01   4.3204875e-02   4.5604314e-01  -1.1647688e-01  -2.3916746e-01
   2.0000000e+00   1.1402075e+00  -6.5922528e-01  -1.1002319e+00  -2.5155619e-01   2.8723690e-01   8.4292295e-01
   1.0000000e+00  -1.8202875e+00  -6.4165883e-01   1.4504679e-01   1.1762918e-01   8.8137228e-01   4.8178615e-01
   2.0000000e+00  -1.2157854e+00   2.0626853e-01  -3.7655231e-01   1.5561661e+00   4.2708815e-01   6.3830066e-01
   2.0000000e+00  -1.0184015e-01  -4.4494942e-01   1.7695866e+00  -8.7212636e-01   5.9144186e-01   5.0447941e-02
   2.0000000e+00   9.8276574e-02  -1.3303919e+00  -3.7516153e-01  -5.5506124e-01  -8.9355219e-01  -9.3309906e-01
   1.0000000e+00  -1.1934181e+00   9.8264711e-01  -3.3752009e-01   4.3768374e-01   2.1445786e-01   4.7244871e-01
   2.0000000e+00   1.0552134e+00  -4.5749917e-01   1.1405433e+00   4.1812443e-01  -2.4704737e-02   1.8522034e-01
   1.0000000e+00  -2.3727586e-01   1.0737446e+00  -3.7326505e-01   2.5093357e-01  -1.2527823e+00  -2.8247465e-01
   2.0000000e+00  -8.9946732e-01  -1.1073878e+00   8.2054106e-01   1.7822569e+00   1.4986609e+00  -1.5402113e+00
   2.0000000e+00   8.4558775e-02  -2.3788430e-01   2.2377054e-02  -9.4120805e-01  -1.0184272e+00   2.3783395e-02
   2.0000000e+00  -5.2095473e-01   1.2905255e-01  -1.3281660e+00  -2.3627023e-01  -1.0659713e-01  -8.5523755e-01
   2.0000000e+00  -1.9080764e+00  -5.8177858e-01  -4.9464039e-01  -5.9590179e-01   1.6648234e+00   1.6186950e+00
   2.0000000e+00  -2.0305871e+00   1.1089309e+00  -2.8226080e-02  -8.1946507e-01   4.0443691e-01   4.5723408e-01
   2.0000000e+00   2.0978363e-01  -5.9617784e-01   4.3572502e-01  -3.8305558e-01  -2.8106435e-01   1.8079990e+00
   2.0000000e+00  -6.0187014e-01  -2.1881137e+00   1.8805859e+00   1.8913366e+00   9.5612493e-01   1.0629907e-01
   2.0000000e+00  -1.4688713e+00   1.0089689e+00   2.8242492e-01  -7.6011670e-01   1.5113951e+00  -2.8475891e-01
   2.0000000e+00   6.6295696e-01  -2.3362271e+00   9.8812422e-01   4.2850924e-01  -2.6657890e-01  -5.8657644e-01
   2.0000000e+00   3.9960365e-01  -9.0038570e-01  -8.3275460e-01  -1.2699292e+00   1.4515114e+00  -5.7600308e-01
   2.0000000e+00  -9.1530513e-01  -6.7341037e-01  -1.0123996e+00  -8.6801106e-01   9.0850331e-01  -3.9619754e-01
   2.0000000e+00   1.1379341e+00   7.1823544e-02  -5.4918736e-01   8.9568099e-01   1.3972788e+00   1.3983674e+00
   2.0000000e+00  -6.3448053e-01  -5.4175726e-01   1.0387533e-01  -5.5530927e-01   1.1384074e+00  -1.1535179e+00
   2.0000000e+00  -9.0686671e-02   8.2344613e-01   3.1188418e-01  -3.2044702e-01   3.3608802e-01   7.2078849e-01
   2.0000000e+00  -2.8034559e-01   8.8347424e-03  -1.1586537e+00  -5.8559319e-01  -1.2114347e+00  -1.0911314e-01
   2.0000000e+00   3.4604748e-01  -8.0227165e-01  -5.2335413e-01   1.1220901e+00   8.9700362e-01   1.4927060e+00
   2.0000000e+00   1.2456937e+00   4.7254880e-01   2.2032638e+00  -1.7732539e+00   5.9669905e-01  -1.3641889e+00
   1.0000000e+00   3.1411280e-01  -4.9996904e-01   5.3945175e-01   2.2240523e-01  -7.7625967e-01   3.1004461e-01
   2.0000000e+00   2.7313143e-01   5.1481290e-02   9.1137976e-01  -6.7057828e-01   4.9505545e-01  -1.0257705e+00
   2.0000000e+00   1.3997998e-01  -8.5201615e-02  -1.3414301e+00   4.8870743e-01  -1.2002045e-01  -5.3053163e-01
   2.0000000e+00  -7.7229811e-01  -3.4600299e-01  -7.3977728e-02  -1.6282132e+00   5.1983142e-01  -3.2175729e-02
   2.0000000e+00  -2.6205986e-01   2.2780260e+00  -1.5599107e+00   1.7977498e+00   1.4390372e-01  -4.9638481e-01
   2.0000000e+00  -1.2131218e+00  -8.7628634e-01  -8.0636834e-02  -4.0931909e-01   1.3657606e+00   3.6468780e-01
   2.0000000e+00   9.8636413e-01  -9.4401873e-02   1.8864308e-01   2.0393564e+00  -1.5256258e+00   1.5897950e-02
   2.0000000e+00  -2.0226909e-01   7.6706566e-02   1.4342764e+00  -6.7218651e-01   7.8825647e-01   3.2412030e-01
   2.0000000e+00  -1.2536417e+00   8.8559401e-01  -3.0203874e-01  -9.4939323e-01   4.7150676e-01  -1.4547700e+00
   1.0000000e+00   7.2813550e-01  -1.8689225e-01   8.5660921e-01   3.0121739e-01  -2.2330151e-01  -3.5290736e-01
   2.0000000e+00   2.8957204e-01   8.9836027e-01  -8.8375070e-01  -1.0024821e+00  -1.1005873e+00  -5.2306452e-01
   2.0000000e+00   5.6447364e-01  -1.1803322e+00  -1.4915693e+00   3.0254009e-01   6.6258844e-01  -3.4149325e-02
   2.0000000e+00   1.3921632e-01   1.6925691e+00   1.3451119e+00   4.4207997e-01  -1.4366478e+00  -6.5643470e-02
   1.0000000e+00  -1.0281891e+00   2.9634398e-01   5.5122334e-01   4.2357211e-01   9.4103150e-01   8.1058294e-01
   1.0000000e+00  -1.5531114e+00  -1.3522623e-01   9.6704626e-01   9.9369894e-02   5.6438359e-01   1.2088486e-01
   2.0000000e+00  -4.5085213e-01  -1.4700076e+00   3.0429978e-01  -4.3894103e-02  -1.4303029e+00   1.2129530e+00
   2.0000000e+00   8.3559731e-01  -1.2459375e+00  -1.4854828e+00  -7.5633161e-01   1.1595225e-01   1.1566373e+00
   2.0000000e+00  -1.1525991e+00  -5.5944020e-01   6.5657540e-01  -6.6223666e-01   6.4897302e-01  -1.4155012e+00
   2.0000000e+00   4.4625878e-01  -2.3740761e+00   1.5526317e-02   1.6192490e+00  -1.1604271e-01  -1.1615593e+00
   2.0000000e+00   7.7125373e-01  -6.1745775e-02   2.4070204e-01  -2.1096647e+00  -1.0918445e+00  -8.1653338e-01
   2.0000000e+00   3.3647675e-01  -1.0666335e+00   1.0995304e-01  -9.8318962e-01   9.7305997e-01   1.7467716e-01
   2.0000000e+00   1.0639367e+00   1.1893710e+00  -1.1590480e+00   3.0879437e-01   1.3383091e+00  -1.2087386e+00
   1.0000000e+00   5.6911738e-01   1.8446602e+00   8.0575964e-01   4.4761009e-01  -2.8199729e-01   2.3477527e-01
   2.0000000e+00  -9.0667906e-02  -6.0479586e-01  -6.5925452e-01  -5.0282087e-01   4.8966502e-01   3.8997318e-01
   1.0000000e+00  -1.1574726e+00   2.0803281e-01  -1.2342606e-01   2.8432057e-01   5.2370333e-01  -1.4774352e-01
   2.0000000e+00  -2.2743554e+00  -2.9841157e-01  -1.1571008e+00  -2.8004970e-01   2.0953229e+00  -4.2066430e-01
   2.0000000e+00  -8.5913578e-02  -1.4699750e+00  -7.7237849e-01   9.2673667e-01   8.7464934e-01   1.6521402e+00
   2.0000000e+00  -1.1649330e+00   6.1199993e-01  -2.5837237e+00   4.0314164e-01  -2.1684225e-01  -2.7746574e-01
   2.0000000e+00   4.2024203e-01  -1.0085368e+00   4.3107663e-01  -5.0968033e-01   2.1039417e-02   7.0645617e-01
   2.0000000e+00   1.2841584e+00  -2.3083368e+00  -3.0709034e-01  -2.2642375e+00   2.1587896e-01  -5.4339589e-01
   1.0000000e+00  -1.7113572e-01   2.3273932e-01   4.2161092e-01   4.1355499e-01   1.6895616e+00   1.2082884e+00
   2.0000000e+00  -1.1896973e+00  -4.7973397e-01  -1.1107038e+00   2.0571560e+00   1.3158725e+00  -1.9097652e+00
   1.0000000e+00  -1.7137786e+00  -3.7790301e-01  -5.3259484e-01   4.9748668e-01   1.0696101e+00  -5.1081862e-01
   2.0000000e+00  -2.6613677e-02  -1.5735937e+00  -9.4500064e-01  -2.9926511e-01   3.3966043e-01   3.4816617e-03
   2.0000000e+00  -2.9369124e-01   2.3069689e-01  -6.3071345e-01   1.6405860e+00   1.0538300e+00  -1.9926997e+00
   2.0000000e+00   8.2464159e-01  -3.9390455e-01  -5.0441518e-02   1.3470660e-01  -1.9033956e+00   3.0917599e+00
   2.0000000e+00  -3.1551733e-01  -5.3063832e-01   1.4147013e-01   1.7244320e+00  -8.9885711e-01  -2.2016886e-01
   2.0000000e+00   7.4664677e-01  -7.1319918e-01   1.8729736e-01   2.7930877e-01   2.8660562e-01   2.2166575e+00
   2.0000000e+00   4.0548736e-01   5.9771007e-01   1.5025811e+00   6.7834546e-01   4.0401244e-02   6.5277367e-01
   2.0000000e+00   1.2687173e+00   1.5796763e+00   1.1367431e+00   1.6533959e+00   1.1377953e+00  -1.0454352e-01
   1.0000000e+00   6.2800914e-01  -1.7301639e+00   2.3370393e-02   7.7583508e-01  -7.8110890e-02  -1.4800020e+00
   2.0000000e+00  -1.1279761e+00   4.6297894e-01   8.4812512e-03   2.4648785e+00   2.1309925e+00  -5.3104887e-01
   2.0000000e+00   2.7809677e-01  -2.0435270e-01   2.8883497e-01  -1.2257569e+00  -1.4284906e+00   2.3992267e-01
   2.0000000e+00  -1.8714320e+00  -2.0758692e-01   1.7036628e-01  -1.2600715e+00   4.2936995e-01  -2.0283211e+00
   2.0000000e+00  -9.7611870e-01   8.0521099e-01   9.9057485e-01   1.2117764e+00   4.4103295e-01  -5.6903430e-01
   2.0000000e+00  -5.7872350e-01   1.7739708e-03   1.3728730e+00  -4.8834850e-01   3.1811233e-02   5.8412752e-01
   1.0000000e+00  -8.4403594e-01  -3.5048582e-01   3.4910877e-01   5.3496026e-02   4.3398032e-01   7.8427429e-01
   2.0000000e+00   3.0621201e-01   1.1166662e+00   6.0722828e-01   9.7537082e-01   1.5984624e+00  -1.2322690e-01
   1.0000000e+00  -1.1636825e+00  -2.5039081e-01  -2.1349446e-01   2.9004801e-01  -4.1255539e-01  -1.2164306e+00
   2.0000000e+00   2.1846450e+00  -2.4677890e-01  -2.1183191e+00  -7.4092727e-02  -1.4063651e+00  -1.3352948e+00
   1.0000000e+00   6.8477695e-01   2.1211411e+00   1.1189371e-01   4.3615563e-01   7.1986538e-01   5.0546816e-02
   2.0000000e+00   8.8076843e-01  -7.8924855e-01  -1.9676996e+00  -1.0046670e+00  -6.6893960e-01   1.5375777e-01
   2.0000000e+00   1.1777287e+00  -4.2015924e-01  -4.5174649e-01  -4.7852822e-02   5.6227915e-01   1.7869535e+00
   2.0000000e+00  -2.9704859e+00   1.0188561e+00   2.0276362e+00   1.2518648e+00   2.9860030e-01   4.5361960e-01
   2.0000000e+00  -4.8086472e-01   1.1765696e+00   1.0928054e+00   3.4213234e-01   1.0609339e+00   3.7652099e-02
   2.0000000e+00   2.9511988e-02  -4.4770475e-01  -1.3185988e+00   2.6875762e+00   2.5616494e-01   1.0660553e-01
   2.0000000e+00   6.0309349e-01  -1.2048559e+00  -4.3261643e-01   1.2111772e+00   1.1868344e+00  -2.5307328e-01
   2.0000000e+00   1.8846710e+00   1.0575734e+00  -1.4972181e-01   1.7475790e+00   7.7365020e-01  -6.2867648e-01
   2.0000000e+00   3.6459000e-01   4.1262079e-01  -1.0956237e+00   2.2246267e-01  -9.0139708e-01   9.4003083e-01
   2.0000000e+00   1.2371089e-01   5.4964492e-01   4.1640842e-02  -1.2287153e+00   1.2843119e+00  -1.8037017e-01
   2.0000000e+00   1.3082377e+00  -5.0181246e-01   1.9693276e-01  -6.7038630e-01  -7.6113832e-01   2.5607513e-01
   2.0000000e+00   2.6734098e-01   1.1334020e+00  -6.2108406e-01   1.5172312e+00   8.8413456e-01   3.3354262e-01
   2.0000000e+00  -2.2438725e-01  -7.9784019e-01  -3.3913386e-01  -9.9958983e-01   3.5429170e-01  -8.7675397e-01
   2.0000000e+00  -9.6863583e-01   4.5740993e-01   4.7108497e-01   8.9277006e-01  -3.0210661e-01  -1.0184684e+00
   1.0000000e+00  -1.7236071e+00  -2.0260755e-01   6.8796156e-01   6.1449429e-01  -3.1446284e-01  -5.4667758e-01
   2.0000000e+00  -5.5878887e-01  -7.6142341e-01   8.2246942e-02  -9.8971909e-01  -1.0312367e+00  -2.1746103e+00
   2.0000000e+00  -5.9094602e-01   1.3077359e+00  -3.8201728e-01   9.7333394e-01  -5.8429075e-01   5.9148694e-01
   2.0000000e+00  -4.8875640e-01   7.5180711e-01   8.6653492e-01  -1.2088899e+00  -3.0353996e-01   7.9323187e-01
   1.0000000e+00   4.1325194e-02   1.3871211e+00  -2.1577906e-01   1.8081511e-01   4.5369245e-01   1.3337302e+00
   2.0000000e+00   1.1126974e+00   5.2839368e-01   8.3009289e-02  -8.8383945e-01   2.2466293e+00  -1.5945201e+00
   1.0000000e+00  -6.9025332e-01   1.3372783e+00   6.5205033e-01   2.7614294e-01  -1.2701580e+00   1.1685219e+00
   2.0000000e+00  -1.4153612e+00   5.9737184e-01   5.7758481e-01  -1.1912860e-01   1.8740176e+00  -1.4822914e+00
   2.0000000e+00  -8.1159155e-02  -2.1775082e-01   7.2383105e-01  -1.4768122e+00   1.5111119e+00  -6.4958895e-01
   2.0000000e+00  -8.2240667e-01  -4.9214135e-01  -2.6953577e-01   1.0667141e+00   2.6062617e-01  -2.2062721e-01
   2.0000000e+00   1.6656405e+00   6.2247317e-01   1.7223565e+00   1.0931184e+00  -1.6167748e+00  -1.6994635e+00
   1.0000000e+00   1.0787432e+00   7.6603387e-01  -6.3253988e-02   4.2637921e-01   3.3435111e-01   5.2654772e-01
   2.0000000e+00   2.5999983e+00   8.8983636e-01  -1.3212150e-01  -3.2817703e-01  -9.6218299e-01   3.6072283e-03
   2.0000000e+00  -9.4262028e-01  -1.2404127e+00  -4.5901857e-02  -1.8914753e+00   1.3428701e-01  -8.8836042e-02
   2.0000000e+00   6.3050482e-01  -9.5129744e-01  -1.0282093e+00  -8.6935803e-01  -1.5120062e+00  -1.4914242e+00
   1.0000000e+00   4.7140451e-01   1.6179837e+00  -2.8791929e-01   3.0033728e-01  -1.4372805e+00   4.9132415e-01
   1.0000000e+00  -5.5223178e-01   3.7538375e-01   5.0457046e-01   1.2846861e-01  -1.3733095e+00  -4.1824865e-01
   2.0000000e+00   9.7380827e-01   3.6320291e-01   9.6769971e-01  -4.3022061e-02  -1.1499000e+00   1.4607311e+00
   2.0000000e+00  -1.9901794e-01   2.2625842e-01  -1.5476854e+00   1.4844470e-01  -2.1921737e-01   1.3857947e+00
   2.0000000e+00  -9.2776649e-01   1.3737319e+00  -1.2701531e-01   1.1649985e+00   1.0047257e+00  -1.2829563e-01
   2.0000000e+00   2.7450471e-01   1.2455557e+00  -1.3651082e+00   9.6011987e-01   1.9211068e+00   1.8598286e-01
   2.0000000e+00  -8.5938483e-01   7.1411462e-01  -2.3340272e+00  -1.6314338e+00  -4.6134485e-01   1.1872920e+00
   2.0000000e+00  -7.1054875e-01   1.7358008e-01   1.3166425e+00   3.1029967e-03   1.3240537e+00   1.3241419e+00
   2.0000000e+00  -1.4817340e-01  -4.3748178e-01   9.5700971e-01  -2.0237924e+00   6.1602690e-01   1.0261852e-01
   2.0000000e+00  -1.9746396e-02  -2.6052400e-01  -1.1745333e-01   2.0053805e+00  -1.5889724e+00   2.3321450e+00
   2.0000000e+00  -7.2965619e-01  -8.2800875e-01   1.7767184e+00   1.5782988e+00   4.3305327e-02   8.3421088e-01
   2.0000000e+00  -1.5111947e+00  -1.7119220e+00  -5.1897286e-03   1.2601486e+00  -4.2210505e-01   1.3029293e+00
   1.0000000e+00   3.4946850e-01   1.2877328e+00   4.9527140e-01   2.9830648e-01  -1.7581739e+00  -4.6178296e-01
   1.0000000e+00   1.4259550e+00   3.3620918e-01   5.8264674e-01   7.2890450e-01  -6.1341533e-01  -1.4326987e+00
   2.0000000e+00   2.9710193e-01  -9.0526149e-01  -3.9750102e-01  -3.5624721e-01  -5.4398461e-01   1.0801202e+00
   2.0000000e+00  -9.8452896e-01  -1.7738369e-01  -1.7271914e+00   1.0075968e+00   1.2875697e-01   6.1257485e-01
   2.0000000e+00   8.9716095e-01   1.8172988e+00   6.2772757e-01  -3.7319668e-01  -2.2404863e-01   7.1579690e-01
   2.0000000e+00  -2.9034509e-01   1.5665089e-01  -7.1566495e-02  -1.5701552e+00  -1.1816765e+00  -8.2239379e-01
   2.0000000e+00   1.5444879e+00   3.2347232e+00  -1.3200133e+00   9.0656528e-01  -6.8324435e-02  -6.1129090e-01
   2.0000000e+00   3.2632409e-01   4.8064084e-01  -6.4053753e-01   1.6181120e+00  -2.3059711e-01   1.1018451e+00
   1.0000000e+00  -1.3936087e+00   7.2753300e-01   3.5454974e-01   5.7202484e-01  -5.1065477e-02  -4.1040607e-01
   2.0000000e+00  -5.5325757e-01   1.3140147e+00  -1.1947703e+00  -2.6804510e+00   5.0375070e-01   1.5445853e+00
   2.0000000e+00   1.4168853e+00   9.8167441e-01  -7.9402692e-01   9.4657148e-01  -1.4037341e+00  -7.8442514e-01
   2.0000000e+00   1.2375972e+00   1.6530543e-01   1.7520325e-01   2.2936852e+00  -9.6839492e-01   1.9470861e+00
   2.0000000e+00  -6.1341638e-01   4.4556590e-01   2.0443582e-01  -2.0660378e+00   1.3787533e+00  -1.7344495e+00
   2.0000000e+00   2.3409280e-01  -2.0828991e+00  -6.8689045e-01   1.5669703e+00   6.4566847e-01  -2.4376759e+00
   2.0000000e+00  -4.1310623e-01   1.2043061e-01  -1.4470290e-01   1.0868555e+00   2.5174330e-01   2.0973715e-01
   2.0000000e+00  -1.4127234e+00   8.3779563e-01   6.1976607e-01  -9.7084065e-01   1.1850644e-01   1.8232934e+00
   2.0000000e+00  -1.6293022e+00  -2.2234946e-01  -1.3500101e+00  -6.1782372e-01  -1.5761296e-01   1.0276354e+00
   2.0000000e+00   1.9189859e+00  -4.3360633e-01   1.9821789e-01  -2.3224876e+00   9.3378961e-01   1.1157839e+00
   2.0000000e+00   2.4924636e-01  -1.7042174e+00   1.8886081e-01   2.4695758e+00  -7.0548900e-01  -2.2187346e-01
   2.0000000e+00   6.4564158e-01   6.5117161e-01  -6.0489079e-01  -1.1551302e+00  -6.9058816e-01   1.9504184e-01
   1.0000000e+00  -9.6303065e-01  -1.9897870e-01  -3.6896165e-01   2.4970291e-02   2.2469157e-01   2.9142896e-01
   2.0000000e+00   1.2625310e+00   1.7230252e+00  -2.9097324e-01  -3.7166449e-01   2.3791102e-01  -1.2352073e+00
   1.0000000e+00  -2.6143423e-01   7.8693301e-02  -2.7624546e-01   2.9064237e-01   2.8111015e-01   1.6208118e+00
   1.0000000e+00  -8.9120490e-01  -1.3734135e-01  -6.0233011e-01   7.1213670e-02  -5.4670473e-01  -3.7961765e-01
   2.0000000e+00  -1.5678102e+00  -2.0341969e+00   4.6292582e-01  -1.4054070e+00  -8.4967848e-01   4.6598716e-01
   2.0000000e+00  -5.5761184e-01  -6.6300605e-01   6.8093979e-01  -7.8454414e-03   7.0634449e-01  -3.4795148e-01
   1.0000000e+00  -8.4464494e-03   3.3888543e-01  -8.1655093e-01   7.0175672e-04   9.4378996e-01   1.8561039e+00
   2.0000000e+00   1.1790669e+00  -9.5732954e-01   6.5560925e-01  -3.7845745e-01   7.0262756e-01   1.5290742e+00
   2.0000000e+00  -5.2418662e-01   3.9064612e-01  -1.5792720e+00   2.9487241e-01   9.8975185e-01   7.1952210e-01
   2.0000000e+00  -1.4760686e+00   6.6795569e-01  -2.4083720e-01  -7.4310949e-01  -8.9278157e-01  -3.9332135e-01
   2.0000000e+00   5.9179371e-01  -6.3067383e-01   3.1943672e-01  -1.2030758e+00  -3.8711328e-01  -1.2780573e+00
   2.0000000e+00  -3.4057548e-01   6.7709079e-01  -1.0689156e+00  -3.4106511e-01  -1.4923442e-01   3.0136106e-01
   2.0000000e+00   2.1458540e-02   1.6007472e+00   9.6717671e-01  -6.5734765e-01   2.0273887e+00   1.1337537e+00
   2.0000000e+00   8.2759656e-01   4.3973337e-01  -6.7169534e-01  -1.3001546e+00   3.1993417e-01  -1.3507949e-01
   2.0000000e+00  -6.9708058e-02  -2.8608753e-01  -1.3847200e+00   7.1409743e-01   7.5798854e-01  -1.4574926e+00
   2.0000000e+00   4.0405645e-01  -8.6713139e-01   1.5095157e+00  -3.2848541e-01   6.3262561e-01   2.0199768e+00
   1.0000000e+00  -2.0931651e-01   7.1751770e-01   6.5053631e-01   4.9230204e-01  -1.1460751e+00  -1.2523919e+00
   2.0000000e+00   1.0080842e+00  -7.8125444e-01   8.9575645e-01  -3.4964028e-01  -1.1028427e+00   1.5937855e+00
   2.0000000e+00  -3.7556759e-01  -5.6522822e-01   3.6164094e+00   4.2026477e-01  -9.6735535e-01   7.6419400e-01
   2.0000000e+00  -2.8748258e+00  -3.1750441e-01  -1.5000596e+00   6.2852926e-01   6.9416101e-02   2.5799723e-01
   1.0000000e+00  -6.1804387e-02   6.4551415e-01   6.4411283e-01   5.5890748e-02  -9.0803085e-01   1.1460429e-01
   2.0000000e+00  -2.9645434e-01  -1.5680327e+00   3.5028039e-02  -1.2281002e+00   3.0738395e-01   4.0769690e-01
   2.0000000e+00   1.8363624e+00   5.2078577e-01   1.2814641e+00  -3.0209035e-01   4.4968818e-01  -4.1750602e-01
   2.0000000e+00   1.7480276e+00   7.8112088e-01   1.3843296e+00  -1.0195204e+00  -3.1616204e-01   5.2607191e-01
   2.0000000e+00  -4.3063047e-01  -5.4555448e-01   1.2558922e+00   4.8645437e-01   6.6609808e-01   5.4338401e-01
   2.0000000e+00   1.7027040e+00  -9.9457635e-01   3.7679423e-01  -4.1463835e-01  -2.2712304e-01   9.1584541e-01
   2.0000000e+00   9.9840096e-01   7.0149248e-01  -1.1777127e+00  -7.2369466e-01   5.8957646e-01  -1.0719403e+00
   1.0000000e+00   9.0546971e-01  -1.8043875e+00  -8.0426621e-01   5.8739498e-01  -1.6859404e+00   2.3781240e-01
   1.0000000e+00   1.1060514e-01  -6.5263012e-01   3.8178685e-01   9.2307548e-01   5.4076816e-01  -1.3154076e-01
   2.0000000e+00  -3.8102186e-01   6.9231694e-01   1.0251041e+00  -1.1650764e+00   1.1129815e+00   1.9211078e+00
   2.0000000e+00  -3.6247175e-01  -3.8131165e-01   1.7924092e+00  -2.1065960e-02  -1.1294500e+00  -1.7642404e+00
   2.0000000e+00   4.2981894e-01   2.1412271e-01  -2.1063355e+00   5.3023643e-01   2.4467606e-02   6.5668694e-01
   2.0000000e+00   5.4500641e-01   1.0975923e+00  -1.1467004e+00  -7.7212399e-02  -1.8635966e-01  -5.7446154e-01
   2.0000000e+00   3.8446245e-01   1.9751125e-01  -1.1028436e-01   1.8555883e+00  -6.1642832e-01  -1.0528991e+00
   2.0000000e+00   5.6085272e-01   2.6633685e-01   1.4128757e+00  -2.6834878e-01   3.7238695e-01   1.3115221e+00
   2.0000000e+00  -9.1010687e-01  -2.3413303e-01  -1.0328848e+00   6.0204574e-01  -9.6034531e-01   9.4984439e-01
   2.0000000e+00  -1.1569691e+00   1.5748074e+00   8.1406467e-01  -1.2107781e+00   1.6134358e-02   8.8183895e-01
   2.0000000e+00  -5.2053015e-01   1.4323847e+00  -1.2900056e-01  -6.9780888e-01  -2.3136425e+00   2.2028911e+00
   2.0000000e+00  -8.0284427e-01  -1.2413344e+00   1.8231052e+00   4.3940955e-01   8.2189451e-01   6.7961215e-01
   1.0000000e+00   7.0921672e-01  -6.5629883e-01   5.1973615e-01   6.5613272e-01   1.5042718e+00  -1.2070610e+00
   1.0000000e+00  -8.1840586e-01   1.9437351e-01  -3.3389792e-01   2.9432469e-01  -1.3362524e+00  -2.2223464e-02
   2.0000000e+00   5.7775304e-01   3.5580496e-02  -1.8136910e-01   2.1717546e+00   2.7360268e+00  -1.0232411e+00
   2.0000000e+00   1.6982170e+00   2.5067962e+00   9.2642683e-01  -5.0577370e-01  -4.7775693e-01   3.3119101e-01
   2.0000000e+00  -8.8378448e-01   7.0511162e-01   9.3496108e-01  -5.6542862e-01   5.3398125e-01  -9.1221274e-02
   2.0000000e+00   5.8168801e-01  -8.2095976e-01   2.7891505e-01   1.0336394e+00   2.7491169e-02   5.5422162e-01
   2.0000000e+00  -5.1023888e-02  -1.6437454e+00   1.7741195e+00  -8.2094255e-01   7.9372891e-01   7.8655557e-01
   2.0000000e+00  -3.3312817e-01   1.0421320e+00  -5.9735923e-01   2.2165273e+00  -9.5393478e-01   1.6210649e+00
   2.0000000e+00   9.4454718e-01   2.2316919e-01   1.9879068e+00  -5.5826987e-01   1.2368765e+00  -5.5081724e-01
   2.0000000e+00   1.3992727e-02   9.5201189e-01  -8.5674312e-01  -3.0570681e-01   1.1025565e+00   6.7090329e-01
   2.0000000e+00  -8.2277612e-02  -6.7272094e-01  -4.2915562e-01   1.1288029e+00  -1.1422949e+00  -1.1207057e+00
   2.0000000e+00   9.9651809e-01  -7.0568606e-01   1.5534568e+00  -7.8402968e-01   6.5077899e-01   1.0521282e+00
   1.0000000e+00  -1.5899488e-01   8.5973344e-01   1.4247479e-02   9.3711976e-01   4.1207196e-01   9.7084811e-01
   1.0000000e+00  -8.0087032e-01  -5.1081160e-01  -5.2130629e-01   7.9211396e-01  -4.7854937e-01  -7.5626411e-01
   2.0000000e+00   4.5656170e-01   9.5019922e-02   1.8764302e-01  -1.0745490e+00  -2.5135010e+00   2.8105103e-03
   2.0000000e+00   1.4555344e+00  -6.0238213e-01  -7.0656616e-01   8.3400972e-01   4.7271003e-01   1.8937004e+00
   2.0000000e+00   2.3171255e-01   1.4933519e+00   1.1105056e+00   3.4176177e-01   9.6407215e-01  -1.4400262e+00
   2.0000000e+00  -3.8034858e-01   1.3468766e-01  -1.0434740e+00  -5.5586670e-01   1.3179467e+00   3.1594708e-01
   2.0000000e+00  -2.1952497e+00  -7.0540169e-01  -1.1835045e+00  -6.3066078e-01   7.2123031e-02  -9.9394044e-01
   1.0000000e+00   1.9469180e+00   1.4761701e-01   9.8888768e-02   1.9032737e-02   5.7773443e-01  -8.6652317e-01
   1.0000000e+00   1.6814969e+00  -1.1436217e+00   4.0900422e-01   2.4337165e-01  -1.0469244e+00   8.5989184e-01
   2.0000000e+00   1.0401289e+00   6.6799424e-01  -5.1642002e-02  -8.2652486e-01  -4.7872031e-01   5.3382925e-01
   1.0000000e+00   1.1210420e+00   8.7575910e-01   2.8245808e-01   3.1594139e-01  -9.6078981e-01   1.0353461e+00
   2.0000000e+00  -7.9629955e-01   4.2410115e-01  -5.2090506e-01  -1.2316897e-01   1.3993035e+00   1.3965830e+00
   2.0000000e+00   2.4042814e-01  -4.0055955e-01   1.9431367e-01  -8.3945438e-01  -1.3678777e+00  -1.2827726e+00
   2.0000000e+00  -2.2298182e-04   2.1746323e+00  -6.9474614e-01  -1.0177256e+00   2.2884062e+00  -7.9140452e-01
   2.0000000e+00   1.1739152e+00   2.3425448e-01   2.4063410e+00  -5.6336745e-01   1.6374859e+00  -9.6514480e-01
   2.0000000e+00  -3.3100956e-01  -8.4822014e-01  -2.4487899e-01  -8.0494102e-01   6.6220546e-01   1.6389615e-01
   2.0000000e+00   7.0476587e-01  -1.0141253e+00  -7.8266680e-01   1.0724840e+00  -1.1418316e-01   1.5017139e+00
   2.0000000e+00   2.6293045e-01   5.8574288e-01   2.8322666e-01  -1.1366360e+00  -7.4808735e-01   1.2084654e-01
   1.0000000e+00   1.5968924e+00   2.8957870e-01   6.1677416e-01   1.3320420e-01  -1.7016602e+00  -3.5775802e-01
   2.0000000e+00   7.3320112e-01  -2.0472299e+00   9.9329079e-01   5.2055096e-01  -5.3910754e-02   1.3933393e-01
   2.0000000e+00   9.6536007e-01   1.7473028e-01   5.1216634e-01  -9.6886459e-01  -2.4563858e+00  -1.3499350e+00
   2.0000000e+00   8.5947385e-01   1.3380242e+00   2.1633146e+00   3.6870872e-01   2.2604751e+00  -7.9596151e-01
   2.0000000e+00  -1.2559844e-01   1.2878909e+00  -3.0693065e-01  -4.8309835e-01  -1.3589676e+00   6.2275059e-02
   2.0000000e+00   1.2614744e+00   2.1194489e+00   1.9832199e+00  -8.8298741e-01  -2.6240457e-01  -1.0987899e+00
   2.0000000e+00   1.6213539e+00   9.7357891e-01   1.3453231e+00  -1.4606687e+00   7.2123199e-01  -1.2337985e+00
   2.0000000e+00  -5.4206855e-01   1.8969636e-01   7.9070460e-01  -9.4961020e-01  -4.8383047e-01   2.2102839e+00
   2.0000000e+00   9.0517429e-01   5.8926372e-01  -8.4541080e-01   1.7155365e+00   8.1369899e-01   6.3833981e-01
   2.0000000e+00  -7.8762445e-01   2.1195372e+00  -4.7165086e-01  -1.5709995e+00   1.6401344e+00  -9.4007830e-01
   2.0000000e+00  -1.0484200e+00   9.3901863e-01   3.7252751e-02  -6.5308398e-01   1.0953146e+00  -9.3254417e-01
   2.0000000e+00  -4.2346266e-01  -6.2031196e-01   9.2092322e-01  -1.1548580e+00   1.0344160e+00  -3.9192912e-01
   1.0000000e+00   7.3017594e-01  -1.8624355e+00   1.8489457e-01   7.6134459e-01   1.0228495e-01  -8.4439947e-01
   2.0000000e+00   1.5111341e+00  -4.9106305e-01   4.7189684e-01  -9.1806538e-01   1.3035729e+00  -1.1767709e+00
   2.0000000e+00   6.0071104e-03   1.0425588e+00  -3.7780819e-01  -4.4368856e-01   1.0177764e+00   1.6517358e+00
   1.0000000e+00  -4.9170973e-01  -2.2131344e+00   2.5968139e-01   7.2268559e-01   1.6685685e-01   6.4784070e-01
   2.0000000e+00   5.7482058e-01  -1.5881995e+00  -8.8446067e-01   9.3121144e-01  -4.6187276e-01   1.4793003e-01
   2.0000000e+00  -3.7296854e-01  -8.2637088e-01  -3.5668804e-01  -1.0928332e+00   3.2225809e-01   2.3136265e-01
   2.0000000e+00  -6.0142440e-02   6.3946181e-01   1.2982056e+00  -1.9175025e-01  -5.6388634e-01  -9.7668377e-01
   1.0000000e+00   3.6880941e-01   1.0606713e+00   4.7183499e-01   3.7828074e-01  -8.2175024e-01  -6.6447614e-01
   2.0000000e+00   1.0109358e+00   1.0120139e+00  -1.8581992e+00  -1.0759787e-02   1.6061518e+00   1.5226652e-01
   2.0000000e+00   5.4522293e-01   3.7858908e-01   5.7564679e-01   1.8688157e+00  -4.3178194e-01  -8.9433712e-01
   2.0000000e+00  -7.8894115e-01  -1.5352918e+00  -5.7892587e-01   1.2949506e+00  -1.1033568e+00   1.0656613e+00
   2.0000000e+00   1.3965350e+00   1.7941532e+00  -1.3886466e-01   1.3331221e+00  -4.7055605e-01  -1.4258049e+00
   2.0000000e+00   1.8005394e-01   1.0246209e+00   1.3390113e+00  -2.0540125e+00  -5.3199745e-01   6.6344142e-01
   2.0000000e+00   7.5692130e-01   9.8128017e-01   1.1745415e+00  -3.5165841e-01  -1.4197448e+00  -5.8465912e-01
   2.0000000e+00  -4.0999636e-01   6.1311450e-01  -1.1049302e+00  -2.3958955e-01  -1.5743720e+00   1.2614025e+00
   2.0000000e+00  -3.1900184e-01   6.6279890e-01   1.2070055e+00  -1.0866988e+00   1.3335775e+00   4.8023791e-01
   2.0000000e+00  -1.5531393e+00   4.0010996e-01  -2.5106756e+00  -7.9035170e-01  -3.1540902e-01  -7.6340476e-01
   1.0000000e+00  -1.6007892e-01   1.0369392e+00   2.5142409e-01   7.2551944e-01   1.5666683e+00  -1.0953648e-01
   2.0000000e+00   2.2151844e+00  -2.9761133e-01   5.7606661e-01  -1.3971245e+00  -1.5820239e-01   1.0989325e-01
   2.0000000e+00   3.6035911e-01   7.9622546e-01  -1.4842990e+00   1.1704359e+00   6.4202373e-02   8.3098606e-01
   2.0000000e+00   2.2986059e+00   1.6648798e+00   1.7735439e+00   1.6633203e+00  -1.4645758e+00  -7.0696971e-01
   1.0000000e+00   4.2219927e-01  -1.4186136e+00   4.9327696e-01   1.3202127e-02  -1.5269331e-01   6.1464082e-01
   2.0000000e+00   1.7313500e-02  -4.4558884e-01  -1.4155152e+00   1.7979413e+00   1.3587071e+00  -3.4532845e-01
   2.0000000e+00  -5.6539192e-01  -4.3138370e-01  -1.4604311e+00   1.6069783e+00  -1.5775074e+00   7.3935148e-01
   1.0000000e+00   6.9564025e-01  -1.1915199e+00  -3.0475170e-01   7.8798392e-02   1.2382162e-01   9.5700439e-01
   2.0000000e+00  -1.6520048e-01  -4.0337570e-01   1.9078279e+00  -4.0012837e-01   1.4250425e+00   1.9142641e+00
   1.0000000e+00  -1.2875187e+00  -2.8830608e-01   2.7328268e-02   8.5210823e-01   2.6294593e-01  -8.8170192e-01
   2.0000000e+00   4.3473136e-01  -4.7696508e-02  -9.4912163e-01  -6.6443206e-01   9.8192362e-01  -6.0478774e-01
   2.0000000e+00   2.0410081e+00   1.6587005e-01  -1.0948807e+00  -1.7632483e-01  -2.1586549e+00   1.9609576e+00
   2.0000000e+00   2.0444070e-01   2.6613719e+00  -9.9855689e-01   1.2006009e+00   4.3608209e-01  -7.4498547e-01
   2.0000000e+00  -1.2819815e-01   1.4495776e+00  -7.9485389e-01  -1.0105626e+00  -4.6657800e-01  -1.1927284e-04
   2.0000000e+00   7.6020361e-01   3.4278972e-02   8.9220195e-01  -6.9743861e-01   1.0200665e+00  -2.1441760e-01
   2.0000000e+00  -2.5227132e+00  -3.4414776e-01   5.1172793e-01   8.7780327e-01  -1.9332907e-01   1.1047146e+00
   2.0000000e+00  -2.9707080e-01   9.2508512e-01  -9.0805420e-01  -1.8379221e+00  -4.3313801e-01   4.8272241e-01
   2.0000000e+00  -2.0029425e+00  -1.4570578e+00  -5.3943741e-01   9.3070404e-01  -6.6712210e-01  -2.5032882e+00
   2.0000000e+00  -2.6278355e+00  -1.0697066e+00   4.1444332e-01  -9.5282041e-02  -1.4829774e+00   1.2925355e+00
   2.0000000e+00   7.1140632e-01  -6.4809872e-01  -1.4794836e-01  -1.4789367e-01  -1.6937202e+00  -1.4403924e+00
   2.0000000e+00   1.1187844e-02   4.8232841e-01  -1.3227890e+00  -1.5387839e-01  -2.6681945e-01   1.3460882e-01
   2.0000000e+00   1.0314756e-01   1.2421737e-01  -2.7506300e-01  -3.8772107e-01   2.2399027e+00   3.3322004e-01
   2.0000000e+00  -1.9124001e-01   1.6378539e-01  -2.0941001e-01  -5.5686558e-02   3.8737290e-01   4.9542281e-01
   2.0000000e+00   5.0560862e-01  -4.9593649e-01  -1.0630713e-02  -4.6262499e-01  -3.5525241e-01   1.4559933e+00
   2.0000000e+00   3.4360796e-01  -7.8650718e-01   1.1118222e+00  -7.8875180e-01  -3.5311257e-01  -1.7298236e+00
   2.0000000e+00   9.4428019e-01  -1.1715716e+00   2.2832540e+00   1.0095607e+00  -4.2110649e-02   5.9963542e-01
   2.0000000e+00   3.4957195e-01  -1.3174501e+00   8.0108331e-01  -3.3460345e-03   4.0522635e-01   6.8728018e-01
   1.0000000e+00  -1.5008559e-01   1.1981264e+00   7.3416918e-01   4.5698705e-01  -1.9559564e+00   1.7252846e+00
   2.0000000e+00   8.0824441e-01   1.3655162e+00   1.0631646e+00   5.6502990e-01  -2.2507765e-01  -5.3059890e-01
   2.0000000e+00   7.0341325e-01   1.0567663e+00  -1.4155196e+00  -1.7297436e-01   1.4517845e+00  -8.6045567e-01
   2.0000000e+00   9.2915450e-02  -6.8914308e-01   8.7340029e-01  -3.5888755e-01  -7.8058292e-02  -6.4177657e-01
   1.0000000e+00   4.4409887e-01   4.0444347e-01  -2.5084561e-01   4.3097929e-01  -1.3525181e+00  -3.4472139e-01
   2.0000000e+00   1.1279471e+00  -9.8500779e-01   1.6168909e-01  -3.0319330e-01   1.6184230e-01   1.0742324e+00
   2.0000000e+00   5.2437382e-01  -2.4716336e-01  -1.5563021e+00   5.1861513e-01   1.6599923e+00  -1.1197133e-01
   2.0000000e+00  -6.4442182e-01  -5.1189665e-01   1.6307007e+00  -1.0892440e+00  -1.3006921e+00  -4.9785661e-01
   1.0000000e+00   1.8003333e-01  -2.0467558e-01  -3.7994292e-02   2.9043040e-02   2.3153336e-01  -4.8484995e-02
   1.0000000e+00   3.2189029e-01  -1.3476370e+00  -3.8589007e-01   1.1931500e-01   3.5010861e-01  -7.3321359e-01
   2.0000000e+00   1.9337207e+00  -3.7442995e-01   6.1423724e-02   1.3794321e+00   5.2880685e-01  -6.8476326e-02
   2.0000000e+00   4.7957563e-01  -6.5904475e-02   1.1083024e+00   1.7480910e+00   1.3287650e+00   9.2380954e-01
   2.0000000e+00   1.5497643e+00  -8.3789278e-01   7.7901166e-01  -2.2653177e-01  -1.2808388e+00  -7.3582413e-01
   2.0000000e+00  -1.6220456e+00   1.4620831e+00   1.1816279e+00  -6.7196648e-01  -1.3496994e+00  -9.5971774e-01
   2.0000000e+00  -3.9033790e-01  -1.6057933e+00   1.1848528e+00  -1.0453708e+00   9.3882308e-02   6.9166252e-01
   2.0000000e+00  -2.3961717e-01  -1.7787935e+00   1.9159658e-01  -5.7518122e-01  -3.2752444e-01  -3.4470533e-01
   1.0000000e+00   7.9250992e-01   1.5739606e+00  -1.6721708e-01   2.5773655e-03   9.0082893e-02   3.2581978e-01
   2.0000000e+00  -1.0180223e-01   4.7208446e-01   9.0110683e-01  -1.2464421e+00   5.1525280e-01   1.4444052e+00
   2.0000000e+00  -4.1595580e-01  -6.7952028e-01  -3.2478858e-01  -4.7712720e-01  -3.6639684e-01   2.8356436e-01
   1.0000000e+00   1.2528538e+00   4.0098956e-02  -3.3414933e-01   5.5123263e-01   1.7445566e+00  -1.5529285e+00
   2.0000000e+00   1.2820796e+00   2.5248767e-01   7.1733613e-01   1.4248927e+00   5.2274473e-01  -1.9926202e+00
   2.0000000e+00  -7.0999684e-01   3.9687611e-01   6.3293418e-01   9.8193001e-01   1.4735822e+00  -1.0557726e+00
   2.0000000e+00   6.8412582e-01   2.6305899e-01   3.7253892e-01  -6.3486560e-01   2.0271094e-01   2.2185715e-01
   2.0000000e+00   9.4658808e-02   5.5551206e-02  -2.6656346e-01  -1.9991015e+00  -1.9060467e+00  -8.4276575e-01
   2.0000000e+00   4.7838717e-01   4.2700171e-01  -7.4056820e-01  -3.9828727e-01  -1.1992970e-01  -1.0111192e+00
   1.0000000e+00  -1.0723152e+00  -9.5552394e-01  -1.7364189e-01   3.4928796e-01  -4.9494233e-02  -1.9022427e-03
   1.0000000e+00  -5.0623456e-01  -7.4523836e-01   7.7703400e-01   5.0117819e-02   1.7273363e+00   1.5015554e-01
   2.0000000e+00  -6.1139864e-01   2.9402885e-01  -2.7316477e+00  -6.0515519e-01   1.2992612e-01   1.8638286e+00
   2.0000000e+00  -9.9962175e-01   2.9762244e-01  -1.5507093e+00  -5.6311676e-01  -1.9679539e+00   1.5570824e-01
   2.0000000e+00   9.5735555e-01   5.3455698e-02   1.3175561e+00   4.4307085e-01   4.4033061e-01  -3.0141795e-01
   2.0000000e+00   3.7402815e-01   1.7421078e+00  -4.3864805e-01   1.3849109e+00  -6.0970589e-01  -1.2148703e-01
   2.0000000e+00   1.1399752e+00   1.0433952e+00  -7.5902358e-01   6.2673941e-01  -7.5350591e-01  -2.3038309e+00
   2.0000000e+00   1.2593636e-01   9.3664379e-01   1.0283832e+00  -2.1905377e+00   8.0789715e-02  -2.3506122e-01
   2.0000000e+00   1.8865386e+00   7.9719112e-01  -1.5458153e+00  -8.4119341e-01   1.8381396e-01  -7.4960820e-01
   2.0000000e+00  -4.1936343e-01  -1.2105066e+00  -7.2450696e-01  -1.0779398e+00   2.1121703e-01  -7.3753182e-02
   2.0000000e+00   5.3531164e-01   1.2940935e+00   2.2901300e-01  -9.0772775e-01   1.5108345e-01   8.2725267e-01
   2.0000000e+00   1.7762723e+00  -7.8323568e-01  -5.2097945e-01   1.3858013e+00  -1.5274413e+00   2.8518826e-01
   2.0000000e+00  -1.9304676e+00   2.2890094e-01   3.8190379e-01   3.6294779e-01  -2.0589196e-01  -1.9975859e+00
   1.0000000e+00   2.0287078e+00  -8.1441925e-02   4.6297541e-01   2.3949633e-02  -9.5865773e-01  -1.3580197e+00
   2.0000000e+00   6.9589494e-01  -1.4681239e+00  -5.4479204e-01  -1.1937427e-01   9.0832099e-01  -2.8844398e+00
   2.0000000e+00  -1.3732758e+00  -1.0664761e+00  -2.1045509e+00  -1.8999550e+00   5.3261264e-01  -5.3636781e-01
   2.0000000e+00   1.3538209e+00   4.8003642e-01  -5.7107368e-01  -2.9456944e-01  -1.8748258e-01  -1.5506319e+00
   2.0000000e+00   4.2882719e-01   8.1964549e-01  -1.7502682e+00  -6.0990385e-01   3.7900863e-01  -5.7854030e-01
   2.0000000e+00  -2.7257001e-01   9.5607800e-01  -7.2491141e-01  -1.6350377e-01   1.0281712e-01  -9.8450086e-01
   2.0000000e+00   2.3210344e-01   1.3703306e+00  -1.3203285e+00  -7.9619777e-01  -9.7905293e-01  -7.5116321e-01
   1.0000000e+00   1.1220747e+00   1.1395257e+00   1.0068560e-01   6.6201241e-01  -1.8154806e-01   9.8006234e-01
   2.0000000e+00  -9.5947551e-01  -3.5139256e-01   4.7421284e-01  -3.2678288e-01  -2.0548722e-01   1.5546250e+00
   1.0000000e+00   5.3002977e-01  -5.4638219e-01  -1.6979778e-01   2.5150082e-01  -1.2569326e-02   1.8402318e+00
   2.0000000e+00  -1.0667318e+00   2.4088191e+00  -3.5402275e-02   5.7842179e-01  -4.0248796e-01   2.1278812e+00
   1.0000000e+00   2.2223997e+00  -1.8910587e-01   7.3662108e-01   3.2744029e-02   2.4259906e-01  -1.0420467e+00
   1.0000000e+00   6.3871140e-01  -1.1923371e+00  -6.2089127e-01   3.0456988e-02   1.0687398e+00  -3.1819018e-01
   2.0000000e+00   2.4493420e-02  -2.1168257e+00   1.1383490e+00   9.1247618e-01   4.1178034e-01   2.2742420e+00
   2.0000000e+00   1.3442275e-02   6.1280825e-01  -4.4364107e-01   9.2929135e-01  -4.8324652e-01   3.7574131e-01
   2.0000000e+00  -2.2739319e-01   1.1245666e+00   4.0854647e-01  -1.2643745e+00   9.4647741e-01  -2.0039551e+00
   2.0000000e+00   7.1541624e-01   6.7779124e-01  -8.5152001e-02  -1.2718595e+00  -6.1972745e-01  -2.1115161e-02
   2.0000000e+00   9.0488381e-01  -4.2934810e-02  -6.1481087e-01   1.3591144e+00  -1.0152726e+00  -8.3217988e-01
   2.0000000e+00   9.1906542e-01  -6.8515833e-01  -8.4772142e-02  -2.7738089e-01  -1.8080157e+00   1.7160124e+00
   1.0000000e+00   1.7240612e+00  -1.2207773e-01   4.6240005e-01   1.6768611e-01  -5.1341276e-01   1.5378557e+00
   1.0000000e+00  -1.2340738e+00   1.0124859e+00  -4.1329595e-01   2.3007677e-01   4.1784887e-01   4.8906230e-01
   2.0000000e+00  -2.7784382e-01   1.5029190e+00  -1.0815623e+00  -2.4293565e-01   2.5461454e-01  -1.3191093e+00
   1.0000000e+00   1.1379714e-01   8.0056355e-01   7.2386822e-02   1.3118362e-01  -1.6550999e+00   1.0444952e+00
   2.0000000e+00  -1.2538884e+00   9.1586863e-01  -8.8046243e-02  -3.9189375e-01   8.6579445e-01   6.8249033e-01
   2.0000000e+00   6.7242129e-01  -9.9352139e-02  -5.1218874e-01   1.0781362e+00   1.4550260e+00  -6.4173570e-01
   2.0000000e+00  -3.7705912e-01   5.8906283e-02  -8.5040287e-01   5.7000207e-01   2.1395889e-01  -6.8723955e-01
   2.0000000e+00  -8.6143915e-01  -5.1442301e-01   1.6049879e-02  -7.5817787e-01  -1.1681953e+00   8.5627145e-01
   1.0000000e+00   1.5240814e+00  -4.6942542e-02   5.0157317e-01   6.6349148e-01  -9.5789177e-01  -1.2855333e+00
   2.0000000e+00  -7.4520590e-01   4.6304588e-01   2.8123014e+00  -1.3117247e+00  -6.3070140e-01  -1.6108994e+00
   2.0000000e+00  -2.3198360e+00   1.7962116e+00   1.0903059e+00  -1.1660394e+00   1.3815775e+00  -1.2381515e+00
   2.0000000e+00   4.4308988e-01   6.2399240e-01   2.1505689e+00  -1.2017926e+00   1.9879903e+00  -2.9306198e-01
   2.0000000e+00   5.8292161e-01   1.5717666e+00  -2.1391726e-01  -2.0600567e-01  -4.9383330e-01   5.0060573e-01
   2.0000000e+00  -5.4796073e-01  -6.1769137e-01   1.7856823e-01   4.9923938e-01   1.0522839e+00  -2.0313045e+00
   2.0000000e+00  -1.0016555e+00   7.8498295e-01   5.5959946e-01   9.2534295e-01  -1.2787831e+00  -3.5864395e-03
   2.0000000e+00   1.4741790e+00   1.3050799e+00  -8.1797020e-01  -5.7411304e-01   6.0090726e-01  -1.2585682e+00
