   2.0000000e+00   9.6034355e-01   1.1442930e+00  -8.9470360e-01   1.4312029e+00  -1.1842911e+00   6.2719961e-01
   2.0000000e+00  -1.0460106e+00  -5.2897643e-01  -9.1460997e-01   9.4558825e-01  -1.6813122e+00  -6.5169469e-01
   2.0000000e+00  -2.1128415e-01  -9.5712891e-01   4.3154666e-01  -2.8809312e-01   8.9063608e-01  -1.7514750e+00
   2.0000000e+00   7.2987424e-01  -5.6361124e-01   2.0558762e-01   1.5150972e-01  -7.1869418e-01  -6.6718026e-01
   2.0000000e+00   7.7948451e-01  -9.5827991e-01  -1.3216707e+00  -6.1451121e-01  -2.6471221e+00   9.7886990e-01
   2.0000000e+00  -8.3607765e-01  -5.1089886e-01   3.3534604e+00  -7.2940345e-01  -3.5695667e-01   1.9942073e+00
   2.0000000e+00  -3.3437796e-01   2.0581154e-01   1.2299343e-01  -1.2712116e+00  -6.8370353e-01  -1.0034380e+00
   2.0000000e+00   2.7251685e-01  -7.1686242e-02  -1.8615270e+00  -3.0143699e-01  -4.7924725e-01   6.6480317e-01
   2.0000000e+00   3.3574224e-01   1.2504965e+00  -1.8093966e-01   1.1504378e-01  -3.3087748e-01   1.9870187e+00
   2.0000000e+00   9.1050204e-01  -7.0988656e-01  -5.9566825e-01  -1.6562308e+00  -1.7794757e-01  -2.2862930e+00
   2.0000000e+00   7.8003924e-01  -1.2851158e+00  -8.1015137e-01   1.6790483e-01  -1.9011127e+00   4.0304282e-01
   2.0000000e+00  -1.4160444e+00  -2.6638007e-01  -8.5758389e-01   1.6777790e-01   2.2352175e+00   1.5608113e-01
   2.0000000e+00  -4.7943039e-01   1.0752742e+00   1.2926550e+00   1.7101279e-01  -1.7464290e+00  -1.4664329e+00
   2.0000000e+00  -3.4030269e-02   1.1563421e+00   3.6647116e-01   5.4849306e-01   7.4490940e-02   7.8294456e-01
   2.0000000e+00  -4.7925085e-01  -1.3628074e+00  -5.8008806e-03  -1.5140638e+00   1.0721793e-01   3.6053627e-01
   2.0000000e+00  -1.0162419e+00  -9.4966571e-01  -1.1575438e-01  -1.5100458e+00  -1.6980439e+00  -1.6937556e-01
   2.0000000e+00  -5.1412010e-01   1.1615946e+00   5.1732547e-02   5.8790033e-01  -1.1177854e+00  -2.7962415e-01
   2.0000000e+00  -1.2267441e+00   9.2327537e-01  -4.0778747e-01  -1.5684046e+00  -3.4990540e-01  -8.4806412e-01
   2.0000000e+00  -1.4212536e+00  -1.5985931e+00  -1.0273332e+00  -5.5279189e-02  -1.6277396e-01  -5.4857508e-01
   2.0000000e+00  -6.6874567e-01  -1.8025175e+00  -1.8439957e+00   3.3064863e-01   1.9996815e+00   9.2339946e-01
   1.0000000e+00   9.3069179e-01   9.2342516e-01   1.5632685e-01  -5.9915018e-01   7.3067029e-01  -3.0151409e-02
   2.0000000e+00  -3.4027611e-01  -3.9737651e-01  -4.2395719e-01  -5.5410343e-01   1.9513950e+00  -3.0702148e-01
   2.0000000e+00   1.3410954e+00  -1.4150032e+00  -8.8573328e-01   1.6239772e+00  -1.4095274e+00  -6.9918899e-01
   1.0000000e+00   1.3213979e-01   8.4487814e-03  -2.7934135e-01  -1.1962645e+00  -1.7873369e-01   2.5428798e-01
   2.0000000e+00   2.9834648e-01   1.0242194e+00   4.3011138e-01   1.1026880e+00  -1.1371259e+00   1.5130435e+00
   2.0000000e+00   9.1006000e-01   1.4171921e+00   5.8557329e-03   1.0438816e+00  -1.2148547e-01  -5.2524774e-01
   2.0000000e+00  -1.1125119e+00  -2.1384084e+00   7.2012619e-01  -1.1929682e+00  -7.4615132e-01  -1.0693620e+00
   2.0000000e+00   1.1186340e+00   1.3878735e+00   6.0567471e-01  -1.3714731e+00  -1.6256234e-01   2.4042059e-01
   1.0000000e+00  -5.0922570e-03   1.7448639e-02   7.8409786e-01   6.1821035e-01  -4.3721547e-01   8.2747862e-02
   2.0000000e+00  -4.2856936e-01  -8.6023945e-01   1.9311760e-01  -9.4043472e-01   1.3269463e-01  -5.2349954e-01
   2.0000000e+00   4.0726205e-02   2.8619346e-01  -7.5855636e-01   4.1129486e-01   5.5193430e-01  -1.6537332e+00
   1.0000000e+00   5.1367149e-01   4.6307096e-01   2.1519866e+00  -1.8783739e-01   1.0004520e+00  -2.1098568e-01
   2.0000000e+00   8.4672416e-02  -4.1496453e-01   1.6966246e+00   1.1412480e+00  -3.5059009e-01   2.3582189e-01
   2.0000000e+00  -4.8368207e-01   9.3069256e-01  -1.2144024e+00   1.0853978e+00   1.1275447e+00  -1.3868331e+00
   1.0000000e+00   1.1792642e+00   6.4257339e-02   1.9429633e-01   1.2026081e-01  -1.0893235e+00   7.9007344e-02
   2.0000000e+00  -1.0927283e+00   1.0809880e+00  -1.7920623e+00   1.2806819e+00  -3.2079200e-01   1.3277976e+00
   2.0000000e+00   9.7367418e-02   1.0854722e+00   1.1806069e+00  -6.2361099e-01   4.2844962e-01   4.6973065e-01
   1.0000000e+00  -1.3900143e+00   1.2165751e-01   6.3329694e-02   1.0101140e+00   1.4401757e+00   7.4699729e-01
   2.0000000e+00   2.3108834e-01   1.7233764e+00  -9.7127948e-01  -1.7618792e+00  -5.4794509e-01   9.9069057e-01
   2.0000000e+00   1.0673003e-01   4.5282678e-01  -2.8986693e+00   3.6285473e-01  -8.2308194e-01   8.9940798e-01
   2.0000000e+00  -1.2641716e-01  -6.4669325e-01  -2.2443493e+00  -1.7413894e-01   1.1004941e+00   9.2105085e-01
   2.0000000e+00   8.0377003e-01   4.2106988e-01   2.1243760e+00   4.3813289e-01   6.0617184e-01  -1.2266749e+00
   2.0000000e+00  -9.7384280e-01  -4.7205257e-01  -1.7951416e+00   1.9652403e-01   3.4539300e-01   8.1742165e-01
   2.0000000e+00  -1.6347278e+00   1.2495483e-01   7.5665412e-01  -3.0133917e-01   7.3039198e-01   2.0551578e+00
   2.0000000e+00   1.3534989e+00  -3.3243677e-01  -7.1333204e-01  -1.3043903e+00   1.5730874e+00   1.0270214e+00
   1.0000000e+00   3.2966879e+00   1.6394951e-01   3.4837415e-01  -5.9476780e-01  -2.6928922e-01  -5.3225951e-01
   2.0000000e+00  -4.8370649e-01   1.3924143e+00   1.1110536e+00  -6.6373844e-01  -1.0208568e-01   9.2910429e-01
   2.0000000e+00   3.2808935e-01   1.4342631e+00   6.1283350e-01  -6.1219885e-01  -5.2078701e-01  -9.5523875e-01
   2.0000000e+00   5.5825510e-01   9.3983311e-01   1.1382380e+00  -2.1468125e-01  -8.8533696e-03   1.5971858e+00
   2.0000000e+00   7.7522126e-01   3.1770098e-01   3.5788963e-01  -2.3709049e-01  -6.6158724e-01  -1.8790004e+00
   2.0000000e+00  -7.8226704e-01  -8.6781092e-01  -4.4688403e-01  -6.8026716e-01  -7.7292944e-01   3.1146246e-01
   2.0000000e+00  -5.1189136e-01  -1.2906817e-01   2.0614812e+00   1.3721492e+00  -6.4765620e-01  -8.8655795e-01
   2.0000000e+00   3.0742370e-01  -2.2324747e-01   1.1461131e+00  -5.8013344e-01  -8.4395688e-01   5.3553762e-01
   1.0000000e+00  -7.4169779e-01   3.6402424e-01  -1.2752577e+00  -1.3678147e+00   1.8150802e+00  -1.7585814e-01
   2.0000000e+00   7.6175811e-01  -2.2279784e-01  -1.1493289e+00  -1.9669631e-01   6.6112225e-01  -2.9463043e-01
   2.0000000e+00   1.2038076e+00   2.7460975e-01   7.7612947e-01   1.8655337e+00  -4.2875858e-01  -1.4479060e+00
   2.0000000e+00   1.5440533e+00   1.1739614e+00   3.7502387e-01  -1.9836882e+00  -8.9611597e-01  -2.5480704e-01
   2.0000000e+00  -1.0941453e+00   1.7633300e+00   2.6222128e-01  -7.7306163e-01  -2.3933401e-01   1.2716636e+00
   1.0000000e+00   1.4009155e+00   5.3466621e-01   2.3237399e-01  -7.7762764e-01   1.0501363e+00   7.5315948e-01
   2.0000000e+00  -7.1143950e-01  -1.0964699e+00  -6.2707611e-01  -1.9693565e+00  -1.1598471e+00  -2.5758288e-01
   2.0000000e+00  -9.5950008e-01  -1.0959589e+00   3.1522968e-01  -5.8022857e-01  -6.5512082e-01  -2.2244326e-01
   2.0000000e+00   5.2356671e-01  -2.2762550e-01   2.0151461e+00   3.2846398e-01   1.1589322e+00   6.2413237e-01
   2.0000000e+00  -4.0890097e-01   5.8128903e-01  -1.6956051e-01   1.6173754e+00   5.0496304e-01   8.2559734e-01
   2.0000000e+00  -7.3769906e-01   5.2178609e-01  -1.2328783e+00  -3.6048525e-01  -1.8317253e+00   9.0998934e-01
   1.0000000e+00   3.5993424e-01   3.7574264e-01  -2.3610572e+00  -1.9782422e-01  -1.3574095e+00  -3.2069044e-01
   2.0000000e+00  -7.3924248e-01  -1.1625163e+00   7.4442392e-01   1.0508427e+00  -2.6521631e-01  -1.7838415e+00
   2.0000000e+00   6.7797887e-03  -1.2045800e+00   9.8690714e-02   1.7377212e-01  -5.6405598e-01   1.2999627e+00
   2.0000000e+00   1.3882789e-01   1.1921411e+00   3.1679620e-01   3.1115080e-01  -1.3652503e+00  -5.5702054e-02
   1.0000000e+00  -2.0257975e-01   1.6806680e-02   4.3248275e-02  -3.8581018e-01  -1.1435164e-02   9.8507563e-01
   2.0000000e+00   6.5529372e-02  -9.7772404e-02  -1.3360265e+00   2.0357294e+00  -2.6679134e-02   1.2044035e+00
   2.0000000e+00   2.3147910e-01  -1.3133626e+00   1.1605190e+00   1.7854525e+00   2.1872438e-01   6.5123128e-01
   1.0000000e+00  -3.5546362e-01   6.9425367e-01   2.0646222e+00  -1.1847327e+00   7.9806788e-01  -6.6176815e-01
   1.0000000e+00   1.4038658e+00   3.4660050e-02   2.9274540e-01  -2.2600338e-01  -1.1090989e+00  -6.7159738e-01
   2.0000000e+00  -6.2562573e-01  -1.6823268e-01   4.1570412e-01  -2.5919242e-01  -9.5392018e-01   6.5236663e-01
   2.0000000e+00   1.2686469e+00   1.3104733e+00   1.2708406e-01   9.6373239e-01   9.7279758e-01   5.6788608e-01
   2.0000000e+00  -3.2091546e-01  -5.6961235e-01   5.4171969e-01  -5.2987453e-01   2.9530097e-02  -1.0491126e+00
   2.0000000e+00  -5.9101984e-01  -1.1812492e+00  -3.2204361e-01   6.6400366e-01  -6.9383707e-01  -1.1642040e+00
   2.0000000e+00   5.0274313e-01  -5.5673865e-02  -1.0159530e+00  -1.3068184e+00  -1.0888118e+00  -1.4061175e+00
   2.0000000e+00  -3.1789622e+00   3.0417350e+00   4.7818958e-01   7.1214817e-02   6.3776967e-01  -2.5682236e+00
   1.0000000e+00  -7.9075053e-01   9.4928749e-02  -1.6639196e-01   4.0316063e-01  -2.3309939e-01  -6.9389597e-01
   2.0000000e+00   1.5828100e+00  -8.7264400e-01   1.0780371e-01  -1.2913669e+00   7.6805657e-02  -1.9901747e+00
   2.0000000e+00   4.0714441e-01  -7.2490839e-01  -1.3317228e+00  -4.5679624e-01  -9.0434681e-01   6.9578019e-01
   1.0000000e+00   5.6738998e-01   2.6663764e-01   8.7062763e-01   9.4867053e-01   1.6935895e+00  -4.1546014e-01
   1.0000000e+00  -1.1705563e+00   8.2931595e-01   1.8051071e-01   2.1143478e+00   1.0168513e+00  -2.3039910e-01
   2.0000000e+00  -5.1892384e-01  -1.2127201e+00  -5.5112538e-01   4.2863668e-01   1.2846021e-01  -1.6984039e+00
   2.0000000e+00  -4.6844598e-01   5.8375529e-01  -1.3990630e+00   1.9064036e-01   3.3145088e-01   1.0798519e+00
   2.0000000e+00  -9.1081215e-01  -3.4387209e-01   5.2923531e-01   1.4044318e+00   6.7647870e-01   1.3879502e+00
   2.0000000e+00  -2.5861716e-02   7.7558694e-01   9.8791835e-02   3.3912909e-01   1.1938957e+00   1.4352340e+00
   2.0000000e+00  -3.1572590e-01   2.3267896e-01   5.8673919e-01  -8.3824556e-01  -1.4799179e+00  -1.0613444e+00
   1.0000000e+00  -1.3078482e+00   2.9174054e-01   2.5332951e-01  -1.5300771e-01  -1.5103631e+00  -7.2789352e-01
   2.0000000e+00  -1.6268452e+00   1.4587299e+00   1.5543106e+00  -1.1180072e+00  -6.4936509e-01   8.0540357e-01
   1.0000000e+00  -1.0471624e+00   5.7602623e-02  -3.2947152e-01   4.4947800e-01   7.7983689e-02  -2.5192209e-01
   2.0000000e+00  -1.2967578e+00  -1.5025074e+00  -3.4266325e-01   5.9367226e-01   1.2164768e-01   7.9362374e-01
   2.0000000e+00  -7.1064048e-01   1.7456770e+00   9.1362929e-02  -6.1349465e-01  -8.1434900e-01   5.8033967e-01
   2.0000000e+00  -1.3498547e+00   3.6472490e-01   1.5258024e+00  -7.5168948e-01  -1.4932479e+00  -1.0532690e+00
   2.0000000e+00  -2.0556064e-01   4.4115291e-01  -2.9834869e-01   1.0858365e+00   7.4461587e-01   1.0043894e+00
   1.0000000e+00  -4.2178677e-01   5.8825208e-01   9.7787786e-02  -2.1919453e+00  -3.8758685e-01   1.3065670e-01
   1.0000000e+00  -4.4337561e-01   7.4744668e-02   2.7616152e-01   8.8911621e-01   5.4800942e-02  -7.4497897e-01
   2.0000000e+00   4.3661640e-01  -1.7072670e+00  -6.2122501e-02  -7.2252452e-01   3.6778530e-01   7.0800140e-01
   2.0000000e+00  -1.6509484e-01   2.3862642e-01  -7.4457201e-02   1.7863192e+00   1.4100411e+00  -1.0433122e+00
   2.0000000e+00  -2.6693007e-01  -9.0331569e-01  -6.6569171e-01   6.4065505e-01  -1.9659706e+00   1.5161093e-01
   2.0000000e+00  -1.9366747e+00   1.1205664e+00  -7.9332077e-01  -1.0214679e+00  -9.1385702e-02  -7.2412635e-01
   2.0000000e+00  -4.7514677e-02  -9.0176229e-01  -4.0647223e-01  -9.1675622e-01  -6.0275378e-02   8.2795023e-01
   2.0000000e+00   2.2039754e+00   1.4082835e+00  -2.5018859e-02   8.2035986e-01  -3.2805293e-01   3.8956252e-01
   2.0000000e+00   5.2820839e-01  -2.5923334e-01   4.6758820e-01  -1.3051634e+00  -2.3709080e-02  -1.2526101e+00
   2.0000000e+00   7.0242958e-01  -1.7964317e+00  -1.3568526e+00   2.9752889e-01   1.2315347e+00  -1.1897362e+00
   1.0000000e+00  -1.3567742e+00   2.1516456e-02   1.6143360e+00   1.7597005e-02  -1.5065030e+00   7.5711856e-01
   2.0000000e+00   3.0865330e-01   1.4149156e+00  -2.2409767e-01  -1.2359909e+00  -1.9518124e+00   2.7111539e+00
   1.0000000e+00  -7.3772946e-01   5.9852172e-01  -1.5872010e-01   6.6429335e-01   3.9103943e-01   1.9133072e-01
   2.0000000e+00   4.7391854e-01  -8.4397317e-01   1.2622499e+00  -2.0530237e-01  -2.0662704e+00   1.0074542e+00
   2.0000000e+00  -1.4695114e+00   5.8479734e-01  -3.0648382e-01  -2.9570877e-02  -2.8422727e-01   2.1217167e+00
   2.0000000e+00   1.2069167e+00  -2.6663223e+00   5.9161370e-01  -4.9040982e-02  -8.0435878e-01  -4.4888322e-01
   2.0000000e+00  -1.2335439e+00   2.4301973e+00  -6.0352674e-01   7.4545150e-01   2.0880131e+00  -1.3258819e-03
   2.0000000e+00  -5.7375839e-01   1.0513167e+00  -1.5783896e+00  -2.1798601e-01   2.9480789e-01  -1.9729098e-01
   2.0000000e+00   1.4159172e+00   2.1564101e+00   1.6085071e-01   9.1498122e-01  -5.4081145e-02   7.1252734e-01
   2.0000000e+00   6.1282317e-01  -1.4593826e+00  -3.1913777e-01  -1.1969799e+00   4.5178451e-01   2.0435721e+00
   1.0000000e+00  -1.1638520e+00   5.2363876e-01   9.5297445e-01  -4.0214895e-03  -1.1627942e+00   6.1369151e-01
   2.0000000e+00   1.5989207e+00   9.0630287e-01  -1.4348905e+00  -1.0825446e+00  -4.8060909e-01  -4.6790918e-01
   2.0000000e+00  -9.3959624e-01  -8.3791428e-01   9.4303976e-01  -1.4320882e+00  -8.0790557e-01  -2.5609919e-01
   2.0000000e+00   5.7032454e-01  -5.3505700e-01  -4.8981108e-01   6.5419311e-01   5.8807453e-01   8.0583877e-01
   2.0000000e+00   5.5247119e-01  -2.0863815e+00   6.8551656e-01   1.9529624e+00  -8.0925613e-01   9.2802057e-01
   1.0000000e+00   2.3742927e+00   7.5504398e-01   6.2550200e-01   3.6486508e-01  -2.9748917e-01  -3.6360842e-01
   2.0000000e+00   1.1095241e+00  -1.4181201e+00   2.5605382e-01  -5.0082624e-01  -1.4940297e+00  -5.0674671e-01
   2.0000000e+00  -4.6080444e-02   1.3801692e+00   5.1974028e-02   2.0080603e-01   1.2441226e+00  -5.7251638e-01
   1.0000000e+00  -3.0155332e-01   2.7910973e-01  -7.9159354e-01  -1.1747515e-01   1.0501712e+00   1.6683694e-01
   2.0000000e+00  -2.8874453e+00  -9.9459534e-01   7.2251213e-01   1.2920438e+00  -1.6150453e+00   4.9076454e-01
   2.0000000e+00   9.9571683e-01   6.1878362e-01   2.7044997e-01   5.3739095e-01  -3.6887867e-01   1.6419197e+00
   2.0000000e+00  -1.5621101e+00  -8.7745515e-02   1.4088622e+00   1.8144150e-01  -5.0133509e-01  -1.5259981e-01
   1.0000000e+00  -3.1749965e-01   4.1145754e-01  -4.1466096e-01   1.1214438e+00   2.2090411e-01  -1.8257718e-01
   2.0000000e+00   9.3021854e-01   9.4587163e-01   1.0335102e+00   1.6881995e+00   3.6538700e-01   1.8265034e+00
   2.0000000e+00   3.6221442e-01   9.8721045e-01   2.2098881e+00   3.0408902e-01  -1.1925570e+00  -1.2422127e+00
   1.0000000e+00   2.6941483e-01   4.4883419e-01  -3.9221531e-01  -6.5685353e-01  -1.7255241e-01  -1.0840348e-01
   2.0000000e+00  -5.8020499e-01   2.2088608e-01  -4.5062767e-01   1.4764531e+00  -5.9643584e-01  -1.4268579e+00
   2.0000000e+00  -7.4462423e-01   1.4181110e+00  -7.1745560e-02   1.7548524e-01   9.5797500e-01  -6.1152103e-01
   2.0000000e+00  -2.1196726e-01   1.9520283e+00  -8.6790543e-02   7.0738927e-01  -2.7285893e-01  -1.3442339e+00
   1.0000000e+00   8.5252935e-01   5.2333490e-01  -6.6635352e-01   1.0226668e+00  -2.7067419e-01   7.9049309e-01
   2.0000000e+00  -6.6813890e-01   2.3069158e+00   5.4774996e-01  -5.0866473e-01  -2.0296072e+00  -1.4960272e+00
   2.0000000e+00   1.5355845e-01  -1.2234219e+00  -8.1614090e-02  -1.3173168e+00   7.5686582e-01  -3.6561789e-01
   2.0000000e+00  -4.1163966e-01  -1.3829990e+00   3.0374613e-01  -2.6084334e-01  -1.1658515e-02  -9.4527071e-01
   2.0000000e+00  -8.4421190e-01   1.5168366e+00  -3.5044412e-01   1.6147136e+00  -5.8834936e-01  -1.1115622e+00
   2.0000000e+00  -9.4616114e-01   4.6967502e-02   2.6856814e+00  -3.1430087e-01   4.4412936e-01   1.8169855e+00
   2.0000000e+00   1.2402004e-02  -1.1642339e+00   8.0479598e-01  -1.8116847e-01   9.3709884e-01  -1.2171048e+00
   2.0000000e+00   4.5089832e-01  -1.6779548e-01   6.4554752e-01  -9.0310520e-01   1.6130559e+00  -2.6200773e-01
   2.0000000e+00  -1.5147899e+00  -3.7142550e-01   5.6033308e-01   9.4198868e-01   1.0580885e+00  -5.1008335e-01
   2.0000000e+00  -7.4392710e-01  -3.4441980e-01  -6.5688340e-01  -1.8290887e-01  -5.5881969e-01   5.0200310e-01
   2.0000000e+00   6.2838338e-01   4.2059269e-01   5.7144418e-01  -9.6502743e-01   9.1246395e-01  -1.1378614e+00
   1.0000000e+00  -6.8941015e-01   1.5129156e-01  -1.1683724e+00  -9.1848479e-02  -1.7109209e-01  -2.8180425e-01
   2.0000000e+00   4.8314348e-01  -1.0095025e+00   1.9891213e+00  -1.8793569e+00  -1.7517627e+00   1.5296576e+00
   2.0000000e+00   8.2703197e-01  -6.9816673e-01   8.2281592e-01  -4.9835078e-01  -4.9172821e-01  -7.4103714e-01
   2.0000000e+00  -1.0366105e+00   5.7918205e-01  -2.0948670e+00   7.6788441e-02  -1.3696204e+00   9.8929550e-01
   2.0000000e+00   6.6134389e-01   1.9405452e+00   4.1531040e-01  -4.5970741e-02   2.0472600e+00  -3.1902972e-01
   2.0000000e+00  -1.2433198e-01   1.0887738e+00  -3.1073834e-01   9.6436758e-01   2.7166075e+00   3.3192766e-01
   2.0000000e+00   3.5303698e-01  -6.0706766e-01   4.7315221e-01  -1.2508670e+00   6.7451196e-01   4.3648112e-01
   2.0000000e+00  -1.0877951e+00  -1.2774815e-02   6.2684278e-02   3.1223197e-02  -1.3496011e+00  -1.9946975e+00
   1.0000000e+00   3.1225127e-01   4.7996528e-01   7.0696107e-01   5.2674459e-01   4.3469929e-01   1.7401839e-01
   2.0000000e+00  -5.1517338e-01  -1.1029581e+00   7.8033164e-03   3.4587546e-01  -1.1327077e+00  -1.7806447e-01
   2.0000000e+00   2.7084900e-01  -2.3154260e-01  -8.4504455e-01   4.5241738e-01   9.3976830e-01  -1.3455498e+00
   2.0000000e+00  -7.7960088e-01  -4.2745326e-01   1.1179247e-02   3.1277453e-01   5.9550534e-01   3.2967991e-01
   2.0000000e+00  -1.4626532e+00   3.5351372e-01   1.0132407e+00   1.5591004e-01  -9.5309828e-01   1.0605286e+00
   2.0000000e+00  -2.5727191e-01   3.2112930e-01  -9.2064807e-02  -1.4083806e+00  -1.1356682e+00  -1.0242769e+00
   2.0000000e+00  -7.9404627e-01   7.3283201e-01  -5.2064274e-01  -1.5184847e-01  -7.6538539e-01   1.0408905e+00
   2.0000000e+00   3.4274694e-01  -6.0728229e-01   2.3114439e-01  -1.1346761e-02   1.0782430e-01  -7.1292924e-01
   2.0000000e+00  -4.6787692e-01  -1.4556114e-01  -8.8461315e-01   9.9891260e-01   1.2539111e+00  -1.2607910e+00
   2.0000000e+00   8.7559199e-01  -5.1824337e-01  -4.1742087e-01   4.8376230e-02   2.0988840e+00   7.3323155e-01
   1.0000000e+00   2.1295179e-01   3.8026625e-01  -4.6898496e-01  -6.2122583e-01  -3.6492385e-01   5.6758695e-01
   2.0000000e+00  -4.5685175e-01   3.9849200e-01  -5.0603737e-01  -6.8458634e-02  -9.3762646e-01   1.0362747e+00
   2.0000000e+00   1.5624912e-01  -3.1478666e-01   2.5231517e+00  -7.2421707e-01  -5.8389403e-01  -1.4557504e-01
   2.0000000e+00   2.9018468e-01   2.1868012e+00   2.1437510e+00   1.7943167e-01   3.8491508e-01  -3.6090989e-01
   2.0000000e+00   7.3685501e-01  -1.5982139e+00  -1.0653931e+00  -3.6087623e-01  -8.9743334e-02   1.0419869e+00
   2.0000000e+00   1.2202247e-02  -1.5183931e+00   1.4029994e-02   8.1199119e-02  -2.3021738e+00  -1.1547612e+00
   2.0000000e+00  -3.0218672e+00  -1.5467523e+00  -7.0845952e-01   5.9397623e-01   1.2491810e-01  -9.0908170e-01
   1.0000000e+00   7.8023636e-01   1.1386384e-01   2.0172554e+00  -1.3624749e+00   1.3275003e-01  -1.5647223e-01
   2.0000000e+00   7.9611266e-01  -6.9683944e-01   2.0709772e+00  -2.3928705e-01   1.3368447e+00  -3.7111108e-01
   2.0000000e+00   2.4302430e-01  -1.1775446e+00   1.1788937e-01  -9.5868949e-01  -7.1897368e-02  -6.7047267e-02
   2.0000000e+00  -5.9730270e-01   2.9387088e-01  -8.7705130e-01   8.1956400e-02   2.8868382e+00  -1.1511370e+00
   2.0000000e+00  -3.0759944e-01  -9.5664757e-01  -2.1598351e-01   2.1165418e-01   5.9197812e-01  -1.7394421e-02
   2.0000000e+00  -3.9620759e-01  -8.0088116e-01   1.2033447e+00  -3.0913952e-01   8.3835002e-02   1.1995691e+00
   1.0000000e+00   4.4682441e-01   1.9165064e-03   6.1704489e-01   1.4402575e+00   9.0828149e-02  -9.0819534e-01
   2.0000000e+00  -3.1291279e-01   1.2432596e-01  -1.3483735e+00   7.6735546e-01   3.5449783e-01  -1.5559743e+00
   2.0000000e+00  -8.6167769e-01  -7.1650226e-01   2.6091598e-01   1.2780291e+00   7.7180406e-01  -6.5916720e-01
   2.0000000e+00  -1.9079557e-01  -1.3979959e+00   5.8647694e-01   9.7791656e-01  -8.7130797e-01   6.1111158e-02
   2.0000000e+00  -7.5115597e-01  -1.3496403e+00   8.9010387e-01   1.8469575e+00  -1.1346257e-01   9.1635347e-02
   2.0000000e+00  -2.6663874e-01   1.3573793e+00  -9.6127126e-01   5.5411323e-01   7.8532786e-02   9.8384340e-01
   2.0000000e+00  -1.5314320e+00  -6.9748756e-01  -6.6399163e-01   6.2162523e-01   2.7468623e+00   3.3383219e-01
   1.0000000e+00   1.5085286e-01   1.5000299e-02  -1.5690754e+00  -3.6463159e-01  -1.6649695e+00   4.2918915e-01
   2.0000000e+00  -7.0928510e-01  -7.7811603e-01   3.4100135e-01  -1.3866307e+00   1.5674587e-01   9.7396916e-01
   1.0000000e+00   1.8562069e+00   7.9208356e-01   3.7909831e-01  -5.4901640e-01   1.8937047e-01  -4.3122431e-02
   1.0000000e+00   1.1918780e+00   1.8742541e-01   1.1392752e+00   3.8662202e-01  -1.4660918e+00  -8.8745653e-01
   2.0000000e+00   5.6289089e-01   1.2476465e+00  -2.6515013e+00   8.5541861e-01   4.2728168e-02  -7.4101986e-01
   2.0000000e+00  -8.1494865e-01   1.0927412e+00  -2.8914065e-01  -7.7685448e-01  -1.3213824e+00   9.8503772e-02
   2.0000000e+00  -3.1544588e-01   1.0318027e+00   1.7207655e+00  -1.9930915e+00  -5.0468267e-01   2.4405265e-01
   1.0000000e+00  -5.2258117e-01   8.2330890e-01   4.6426345e-02   4.8986105e-01   9.4217687e-01   5.3270292e-01
   2.0000000e+00   1.0122251e+00  -1.5167760e+00  -1.9667217e-01   8.3372478e-01  -5.2021774e-01  -6.5517451e-01
   2.0000000e+00   1.4382733e+00  -4.1711547e-01  -1.3834789e-01  -5.5840538e-01   1.2397807e-01  -8.1115350e-01
   2.0000000e+00   6.7012277e-01  -4.8706287e-01  -2.2196787e-01   8.6869500e-01   1.3428532e+00  -5.6452155e-01
   1.0000000e+00   8.6791808e-01   9.2204501e-01   1.6635333e-01  -2.3591452e-01  -6.4386343e-02   3.2628560e-01
   2.0000000e+00   1.7716382e+00  -1.5500651e-01   1.3330921e-01   4.7890149e-01   6.2686641e-01   2.1492167e-01
   2.0000000e+00   2.5003293e-01  -8.3046313e-01  -1.0268097e+00   2.2742292e-01   4.4679505e-01   8.4357614e-01
   2.0000000e+00  -1.0337549e+00   7.7336506e-01   6.2222561e-01  -4.9771139e-01  -6.7046092e-02  -6.3450782e-01
   2.0000000e+00  -3.4570332e-01  -1.0031358e+00   2.6169124e-01  -9.2894042e-01   5.4375605e-01  -1.4061170e+00
   2.0000000e+00   1.6003489e-01  -3.7475643e-01   4.4323918e-01  -6.7120053e-01   4.4195204e-01   1.3679344e-01
   2.0000000e+00  -1.9057354e+00  -1.2760411e+00  -1.0564063e+00   1.4818986e+00  -3.3693176e-01  -1.0449055e+00
   1.0000000e+00  -1.7519644e-01   7.5654215e-01   1.2525423e+00  -1.3011911e+00  -1.1503802e-01   4.2437479e-01
   2.0000000e+00   5.8220339e-01  -3.4599541e-01  -4.4349063e-01   5.6849321e-01  -1.3887938e+00   4.9452643e-01
   2.0000000e+00  -1.3220476e-02  -6.3438805e-01   3.5061385e-01  -3.4135711e-01   4.4090668e-01  -8.7183891e-01
   2.0000000e+00  -2.3514273e-01  -3.2074471e-01   1.5257975e+00   6.4153461e-02  -2.5010646e+00  -1.0619795e-01
   2.0000000e+00  -3.0173449e-01  -5.5249436e-01   7.3880636e-01  -6.9617646e-01   4.1267713e-01  -1.0003704e-02
   2.0000000e+00   1.1701176e+00  -1.2410000e-01  -1.7635543e+00   9.2913914e-01  -7.9073438e-01  -5.0380749e-01
   2.0000000e+00   5.2195899e-01  -1.4998859e-01   2.0701989e-02  -2.9754489e-01   1.2145147e-02   2.2452539e-01
   2.0000000e+00  -1.7714938e-01   1.9087516e+00   2.4166930e-01  -4.8684021e-01  -9.6793983e-02  -3.7740783e-02
   2.0000000e+00  -8.2950100e-01   1.2670467e+00   1.1647177e-02  -7.7951589e-01   1.1087902e+00  -2.3274573e-01
   2.0000000e+00   2.6146171e+00  -1.1139474e-01  -1.0257422e+00  -8.3121169e-02   1.6654622e-01   7.5538706e-01
   2.0000000e+00  -9.1740743e-01  -7.4300111e-02   4.9773579e-01   5.1151111e-01   4.6794173e-01  -5.6953185e-01
   2.0000000e+00   5.5828484e-01  -3.7935983e-01  -2.9727201e-01  -4.1405493e-02  -1.1444368e-01   7.4604031e-01
   2.0000000e+00   2.4704965e-01  -1.3120931e-02  -1.6246185e-01   1.6057378e+00  -4.7791170e-01  -1.9880896e-01
   2.0000000e+00  -2.8314896e-01   1.1569765e+00   9.8956789e-01  -3.8679017e-02   1.9083697e-01   3.9740549e-02
   2.0000000e+00   4.9362418e-01  -7.9365930e-01  -4.7485888e-01  -9.2499510e-01   1.7393556e+00   1.4513454e-02
   1.0000000e+00  -1.5356694e+00   9.2426018e-02  -5.4339758e-01  -1.0208815e+00   1.7432616e+00   2.7627716e-01
   2.0000000e+00  -1.2244867e-01  -3.7016281e-01  -7.1118935e-01   2.2536742e-01   1.7331691e-01   1.8182484e+00
   2.0000000e+00  -4.0164186e-01  -4.8913749e-01   2.4983430e-01   1.2587945e+00   6.7252919e-02  -5.1154527e-01
   2.0000000e+00   3.1529582e-01   1.0802169e+00  -2.6247169e-01   3.3001589e-01   2.0093762e-01   1.7279411e+00
   2.0000000e+00   1.1554388e+00   1.1106422e+00  -2.1399149e+00   2.5623244e-01  -1.8009436e+00  -9.2367731e-01
   2.0000000e+00   1.0136263e+00   7.1350990e-01  -6.8617431e-01   2.2750781e-01  -1.2636919e+00  -1.3836355e+00
   2.0000000e+00  -6.1005994e-01  -6.4613644e-01   4.2982847e-01   1.8873243e-01   2.2179050e-01   2.0778419e-01
   1.0000000e+00   1.0524715e+00   8.7629883e-01  -1.0126659e-01  -8.3879401e-01   1.0897577e-01   3.8485853e-01
   1.0000000e+00  -1.4441249e+00   8.5296732e-02  -2.8398200e-02  -5.0871323e-01   6.3835119e-01   5.6022469e-02
   2.0000000e+00  -4.0138922e-01  -6.0632504e-02   2.3054162e+00   3.1343484e-01  -1.3046743e+00   2.9642524e-01
   2.0000000e+00   3.1088919e-01  -3.9502241e-01  -1.4571659e+00   1.9580255e+00  -1.7686449e+00   8.0737065e-01
   2.0000000e+00  -1.6401805e+00  -1.3797223e+00   2.4851933e-01   9.7297324e-01   5.1080232e-01   1.4598520e+00
   2.0000000e+00  -1.9646992e+00  -5.1639033e-01  -1.3254536e+00   1.0519589e+00  -5.3842775e-01  -1.0445139e+00
   2.0000000e+00  -1.8860558e+00  -5.1070769e-01  -1.0208315e+00   7.4189714e-01  -2.1466879e-01   1.8038248e+00
   2.0000000e+00  -1.3858844e+00   1.5268908e+00  -5.2872452e-02  -1.4090214e+00  -1.5199793e+00  -8.6214904e-01
   2.0000000e+00  -4.8397161e-01  -2.6680571e+00  -1.1801584e+00   1.1657370e+00  -2.6121267e-01  -4.9458694e-01
   2.0000000e+00   1.7164674e+00  -1.3034443e+00  -1.7100594e-02  -2.7289758e+00  -9.0494505e-01   1.1178853e-01
   2.0000000e+00   1.4805095e-01   6.6183996e-01   4.4602498e-01  -3.4754277e-01   1.9687069e+00  -1.4636891e+00
   2.0000000e+00  -8.1432775e-01  -1.9491599e+00   6.8729510e-01   6.0161409e-01   6.4343263e-01  -8.7468256e-01
   2.0000000e+00   6.0422385e-01   1.7340424e+00   1.6263456e+00   1.9187729e-01  -7.5236834e-02  -9.8188400e-01
   2.0000000e+00   2.9738624e-01   1.4086478e-01  -4.4514568e-01   4.9007527e-01  -1.4895649e+00  -1.2597463e+00
   2.0000000e+00   1.1475378e+00   9.5824203e-01   7.5278278e-01  -1.0287563e+00   7.7002898e-01  -9.4953396e-01
   2.0000000e+00  -8.2382522e-01   3.3061375e-02  -1.2045613e+00  -1.1259052e+00   9.7037164e-01  -1.0317508e+00
   2.0000000e+00  -1.0876421e+00   1.9331800e+00   8.2037407e-01  -2.4762604e-03   1.9483067e+00  -5.0153826e-01
   2.0000000e+00   7.5619846e-01  -4.2565848e-01  -3.4922380e-02  -3.9079359e-01   1.6054039e+00  -3.6838752e-01
   2.0000000e+00  -2.6614815e+00  -2.6883200e-01  -9.5769441e-02  -1.1645319e+00  -1.6901641e+00  -6.6866964e-01
   2.0000000e+00   1.3971570e-01   2.7032356e-01  -2.2916709e-01  -8.2552993e-01  -7.7370820e-01  -1.9054000e+00
   2.0000000e+00  -1.4026495e+00   8.5391071e-01  -2.3673349e-01   1.5098332e-01   1.1122972e+00   1.7895279e+00
   2.0000000e+00  -1.5810645e+00   1.3623847e+00   8.1209019e-01  -2.0368718e+00  -1.4436898e-01  -1.6474927e+00
   2.0000000e+00   1.1933013e+00   1.0765843e+00  -7.6282396e-01  -1.5253550e+00   1.5333594e+00   1.2033623e+00
   2.0000000e+00   9.4971797e-01  -9.7555502e-01   5.6282376e-01   1.0470612e+00  -7.7446334e-01   1.3105127e+00
   1.0000000e+00  -1.0351397e+00   5.5343500e-01   4.6486899e-01   2.9499554e-02  -4.0120171e-01  -4.7859164e-01
   2.0000000e+00  -1.5486933e+00  -4.4205097e-02  -2.9979640e-01   2.4643787e+00   3.9087856e-01  -1.2123775e+00
   2.0000000e+00  -1.5997742e+00  -1.8593740e-01  -1.4759293e+00   4.4669952e-01   2.6022412e-01   1.3987858e+00
   2.0000000e+00   5.4791671e-01   9.6490585e-01   2.3743248e-01   6.8074738e-01   2.2230651e-01   5.6937719e-01
   2.0000000e+00  -1.8494619e+00   1.5207412e-02   1.7942566e+00  -7.7077473e-01  -7.6012345e-01  -1.0814165e+00
   1.0000000e+00  -1.4196262e+00   4.5628775e-01   4.0355178e-01   1.5284560e+00  -1.5999920e+00   8.5441704e-02
   2.0000000e+00   3.4412015e-01   8.6755758e-01  -8.6982640e-01  -1.4121378e-01  -5.3954435e-01  -1.6588014e+00
   2.0000000e+00  -1.1232277e-01   3.7079993e-01  -1.0074151e+00  -1.7015261e+00   1.4218737e+00   1.8849047e+00
   2.0000000e+00   6.7110579e-01  -1.4196419e+00  -4.6203571e-01  -1.6128569e+00   3.5094053e-01   6.6380227e-01
   2.0000000e+00  -7.7192601e-01   8.2464223e-01   7.0102412e-01  -5.3893589e-01   3.2525417e-01  -1.3882419e+00
   2.0000000e+00   1.2746225e-01  -5.1841637e-01   1.0222377e+00   2.8600526e-01  -1.0545059e+00   1.6154697e+00
   2.0000000e+00  -9.4986685e-02  -2.4512470e-01  -1.9579517e-01  -2.2865195e+00   3.8853626e-02  -1.7365427e+00
   2.0000000e+00   1.7403651e+00   5.4465775e-01   8.7303514e-01  -7.7288589e-01  -7.4445127e-01  -1.1541948e+00
   2.0000000e+00  -4.4524654e-01  -1.0894045e+00   1.9375029e+00  -4.1920694e-01  -1.3228309e+00   5.6467565e-01
   2.0000000e+00  -8.5720183e-01  -9.5239977e-01   9.7419694e-02   6.3271746e-01   8.2142301e-01   8.7178561e-01
   1.0000000e+00   1.5534927e-01   4.3177604e-01   4.7483746e-01  -2.3679932e-01   1.3029418e+00   1.4865139e-01
   2.0000000e+00  -7.2743096e-02   2.6041549e-01   1.9385253e+00  -1.5259403e+00  -1.3602801e+00   2.1207597e+00
   2.0000000e+00  -1.2182463e+00  -1.0478615e+00  -1.9238905e+00   9.7869472e-02   2.5594328e-01  -3.8014342e-01
   2.0000000e+00  -1.9183974e-01   1.1200002e+00  -3.2729861e-01   2.1671803e+00  -1.8360804e+00  -6.0912461e-01
   1.0000000e+00   5.0201993e-03   3.3341375e-01   1.6007423e+00  -3.3045475e-01   7.2166166e-01   4.0390033e-01
   2.0000000e+00   1.3708925e+00   8.6463603e-01   2.2652913e-01   7.5882064e-02   6.5306000e-02  -1.2437055e+00
   1.0000000e+00  -1.2655329e+00   3.0981186e-01   9.1451857e-01   9.0123885e-01   1.2969936e-01  -3.1828987e-01
   1.0000000e+00  -1.2379608e+00   4.5418859e-01  -1.1731926e+00  -1.0909760e+00   3.7109729e-01   4.6078019e-01
   1.0000000e+00  -2.0387997e+00   6.7536373e-02   1.6061966e+00  -2.4562743e+00   4.7005990e-01  -4.2874592e-01
   2.0000000e+00   9.2467629e-01  -8.2802942e-01   1.0735510e+00   8.2714397e-01   8.6922085e-01   9.6303107e-03
   2.0000000e+00   6.5635126e-01   8.1697794e-01   9.9455409e-01  -5.5380505e-01   3.8036197e-01  -6.9284380e-01
   2.0000000e+00  -1.4400534e+00   1.9829164e+00  -4.8556139e-01   1.8736528e+00  -2.2363329e+00   1.2845708e+00
   2.0000000e+00  -9.9265351e-01  -6.7683698e-02   2.3857886e-01  -9.9959113e-01  -6.0884006e-01  -9.6967501e-02
   2.0000000e+00  -5.8996524e-01   8.0066809e-01  -3.6020188e-02  -1.3252397e-01  -7.1932977e-01   1.6857048e+00
   2.0000000e+00  -6.8704614e-01  -1.2084163e+00   1.4189220e+00  -1.5314346e+00   7.1588462e-02  -7.7590270e-01
   2.0000000e+00   4.4658003e-01  -2.6897909e-02  -1.1378292e+00  -6.4359533e-01   1.3957180e+00  -5.3458916e-01
   1.0000000e+00   1.0915541e-01   6.8445759e-01  -7.3397324e-02   1.0741655e-01   1.4202707e-01  -2.2688537e-01
   2.0000000e+00   8.5059842e-02  -3.4091771e-02  -1.6661118e+00  -4.7706948e-01   5.4130573e-01   6.1007826e-01
   2.0000000e+00   9.8234649e-01  -3.5110413e-02   2.8840883e-01   1.2149857e+00  -1.7739701e+00  -3.9723918e-01
   2.0000000e+00  -1.1803756e+00  -9.1089514e-01   5.8743569e-01   5.2106385e-02   8.1825825e-01  -9.6842616e-01
   2.0000000e+00   5.1836228e-01  -1.3806842e+00  -5.7708707e-01  -6.1961474e-01  -1.1453487e+00  -1.3682515e+00
   1.0000000e+00   1.8982961e+00   6.9143830e-01  -3.7852801e-01   1.0202431e+00   6.9703790e-01   3.0499933e-01
   2.0000000e+00   4.2644065e-01  -6.1746705e-01   1.2518341e+00  -2.0083020e+00   9.9012595e-01  -1.2545709e+00
   2.0000000e+00   9.1619301e-01  -1.8986008e+00  -2.1361039e-01   4.3843941e-02  -7.0383346e-02   8.5094033e-01
   2.0000000e+00   1.0702120e+00  -3.1874627e-01  -1.1213865e+00   5.5575579e-01   2.1401946e+00   9.2156787e-01
   1.0000000e+00   1.3845954e+00   1.9694111e-01  -5.6976935e-01   6.4258188e-01   7.1007413e-02   8.3778297e-01
   2.0000000e+00  -1.1568035e+00   1.6931570e+00  -6.3760228e-01   6.9861162e-01  -7.7634414e-01   5.3558451e-01
   1.0000000e+00  -1.5011994e-01   2.9796940e-01   5.1753125e-01  -1.2838561e-01  -5.8381023e-01  -3.1460244e-01
   2.0000000e+00  -8.3175893e-01  -1.0799420e+00  -1.9336998e-01   9.4882225e-01  -1.5671343e+00   7.1085087e-01
   2.0000000e+00  -6.2047842e-01  -4.8449358e-01   9.7624766e-01  -1.3036734e-02  -4.5079211e-01  -2.3545687e-01
   2.0000000e+00  -1.8012458e+00  -2.2740399e+00  -1.5630211e-01  -1.9556013e+00   1.1466557e+00   4.4296947e-01
   2.0000000e+00   4.9499958e-01  -6.8837549e-02  -1.3628722e-01  -1.1133040e-01  -1.1008624e+00   1.3578461e+00
   2.0000000e+00   1.6064155e-01   1.0329851e+00   4.1302070e-01  -7.9024243e-01   5.1416456e-01   6.6571501e-01
   2.0000000e+00   3.1960884e+00   1.2290693e+00  -1.6695180e-01  -9.4419762e-01  -1.4924001e+00   1.7002024e+00
   2.0000000e+00   6.0872803e-01  -7.6114093e-01  -3.4874737e-01  -3.7563345e-01  -4.4405751e-01  -7.1484982e-01
   2.0000000e+00   1.8470770e-03  -4.4851813e-01  -1.7591029e-01  -7.7468641e-01  -5.0335722e-01  -1.6490185e+00
   2.0000000e+00  -2.2416818e+00   1.1007964e+00   1.3077552e+00  -2.0083407e-01   3.4175906e-01  -2.8579421e-01
   2.0000000e+00   5.9068835e-01   8.2760330e-01   5.2467577e-03   1.3406539e+00   1.1964727e-01   1.1507551e+00
   2.0000000e+00  -1.4567124e+00   3.3225262e-01  -2.0590087e+00   1.2184978e+00   4.3477446e-02   1.3658730e+00
   2.0000000e+00   1.3883130e-01   9.9146615e-01  -1.1068991e+00   1.5787653e+00  -2.1062480e+00   8.9442821e-01
   2.0000000e+00   6.8566249e-01   4.2509916e-01   8.4030916e-02  -6.4117253e-01   1.5341205e+00  -1.3526047e+00
   2.0000000e+00   1.7812478e+00   2.8437519e-01   1.4225112e+00   2.7660801e-01  -1.4051179e+00  -1.9363259e+00
   2.0000000e+00   2.6368295e-01   1.4256671e+00  -2.2383746e+00   1.9717560e+00   6.3814690e-01   1.8297450e-01
   2.0000000e+00  -1.5203012e+00  -1.5701227e+00  -9.7808565e-01   5.7334127e-01   1.8586475e+00   8.8120573e-01
   2.0000000e+00  -6.2307178e-01  -2.0841662e+00  -1.8449879e+00  -1.0109652e+00  -9.4259145e-01  -6.2143304e-01
   2.0000000e+00   1.3050087e+00   6.6994483e-01  -2.5931103e-02   7.5149365e-01   6.8264223e-01   1.4182625e+00
   1.0000000e+00   1.0049932e-01   2.4966170e-01  -2.9808310e-01   9.5985480e-01   9.0094595e-01  -1.6616033e-01
   2.0000000e+00   2.8036725e-01  -2.5077711e-01   8.6926394e-01  -3.6788623e-01   1.0704825e+00  -1.2688770e+00
   1.0000000e+00   6.2927639e-01   2.7565717e-01  -1.8449197e+00  -7.2104045e-01   6.0171147e-01   2.8052992e-01
   2.0000000e+00  -9.8720108e-01  -1.5041821e+00   4.0541734e-01   3.6787674e-01   8.7946079e-01  -1.0508917e+00
   1.0000000e+00  -5.8624114e-01   6.9651658e-01   3.1148181e-01   7.5364668e-01   1.3529149e+00  -4.8967086e-01
   2.0000000e+00  -6.0644078e-01  -3.5436637e-01   1.4660170e+00   4.5944842e-01  -2.7598692e-01  -7.7020154e-01
   2.0000000e+00   1.3938893e+00   1.2435362e+00   2.6288463e-01  -1.5885937e+00  -1.8661668e+00   1.7539386e-01
   2.0000000e+00  -6.1435786e-02   5.2378838e-01   2.6184353e-01  -2.7548561e-01  -5.0186542e-01   9.2951067e-01
   1.0000000e+00  -9.9190696e-01   3.9857299e-01   9.9218023e-01  -1.3995137e+00   7.9270653e-02  -1.5653726e-01
   2.0000000e+00  -3.0974516e-01  -9.0965163e-01   5.1338683e-02  -1.2659080e+00   1.3897283e+00   3.1464060e-01
   2.0000000e+00   9.1592046e-01  -4.6192729e-01  -8.7514147e-01   7.5673488e-01   1.0595424e-01  -1.0770390e+00
   2.0000000e+00   3.4255203e-01  -1.6441097e+00  -7.5768445e-02  -1.6124153e-01   1.8671822e+00   3.4639402e-01
   2.0000000e+00   1.1457943e+00  -1.1386663e+00  -1.5849494e-01   1.0699119e-01  -1.5753598e+00   6.0827644e-01
   2.0000000e+00  -3.7851177e-01   6.3500668e-01  -2.0010128e+00  -6.1051675e-01   5.8517299e-01   7.7804729e-01
   2.0000000e+00  -2.3720877e+00  -1.1340569e+00  -1.2705727e+00   1.0497547e+00   1.1916222e+00   2.7184523e-01
   2.0000000e+00  -8.6439456e-01   8.4144949e-01   3.2323132e-01  -8.9276731e-01   1.9673452e+00  -1.5309999e+00
   2.0000000e+00   8.1481081e-02   1.3729088e+00  -2.3511274e-01  -1.8396027e+00  -1.5122670e+00   1.3271509e+00
   1.0000000e+00  -5.6810260e-01   9.2448509e-01  -1.2537285e+00   4.0633482e-01  -6.3365026e-01  -1.9635687e-01
   2.0000000e+00   1.0987136e+00  -1.4664610e+00   2.9198804e-01   4.7824222e-01  -1.0573138e+00   1.0054724e+00
   2.0000000e+00  -1.5574275e+00   1.6350244e+00   4.8003911e-01  -3.6828481e-02   1.4702767e+00   4.2371789e-01
   2.0000000e+00   2.3502653e-01  -6.7763271e-01   9.2096881e-01   2.2414826e+00  -5.5652200e-01  -1.8801124e+00
   2.0000000e+00  -2.4851615e-01  -1.5393038e+00   1.8413599e-01   2.2398928e-02   1.2603234e+00   2.4069794e-01
   2.0000000e+00  -2.6718915e+00  -8.3000098e-01   7.0542648e-01  -4.1598835e-01  -1.1969844e+00   1.6689175e+00
   2.0000000e+00   1.9220971e+00   2.9710216e-01   1.2056718e+00   1.3037991e-01   5.4254543e-01  -1.0198740e+00
   1.0000000e+00  -1.0474203e+00   5.0266862e-01  -2.2582927e+00  -4.5147537e-01  -1.1564882e+00   2.0837761e-01
   1.0000000e+00   3.2245109e-01   6.6136409e-01   1.1624350e+00   1.1530574e+00   3.7130935e-01   4.2976216e-01
   2.0000000e+00   7.8503645e-01  -2.3623975e-01  -8.8945227e-01  -1.4902612e+00  -6.1310881e-01  -2.8724594e-01
   2.0000000e+00  -5.2525667e-01   3.6761812e-01   2.1363353e-01  -1.1135031e+00  -2.1407543e+00  -1.1560998e+00
   2.0000000e+00   1.0638325e+00  -2.0362586e-01   9.5640332e-01  -7.7799609e-02  -1.8528508e-01  -1.4693803e-01
   2.0000000e+00   7.5221905e-01   4.2303443e-01  -7.1587392e-01  -6.1573566e-01  -6.9078964e-01   1.0489453e+00
   2.0000000e+00  -9.2808948e-01  -1.2958421e-01   4.2819814e-01  -2.1439899e-01   1.7978699e-01   4.3771342e-01
   2.0000000e+00   7.9188604e-01  -5.2115156e-01   4.8491418e-01  -7.9231382e-03  -7.6001651e-01  -3.5333909e-01
   2.0000000e+00  -2.4373375e-01  -9.8576443e-02  -3.3746809e-01   1.3480671e+00   4.6990574e-01   8.5240054e-01
   1.0000000e+00  -1.8343480e+00   3.8867005e-01  -5.3390637e-01   7.1945718e-01  -5.4675221e-01   4.7492492e-01
   2.0000000e+00   5.9757855e-01   1.7438261e+00  -1.1836699e+00  -1.2292862e+00  -1.4065998e+00   9.9345455e-01
   1.0000000e+00   1.8614471e+00   3.4838670e-01   1.1054907e+00  -1.0128561e+00   1.3654571e+00   7.0884177e-01
   2.0000000e+00   4.9483901e-01  -1.2133803e+00   7.1077106e-02  -3.5275489e-01  -2.9685928e+00  -8.2744199e-02
   1.0000000e+00  -4.1345013e-01   1.3336923e-01   2.1951311e-01   2.0694717e+00   9.2374487e-02   3.0981939e-01
   1.0000000e+00  -1.1377308e+00   3.8225543e-01  -3.1779461e-01  -7.4873212e-01  -1.8674822e+00   7.4429831e-01
   1.0000000e+00   6.5407064e-02   6.9466612e-01   1.5721366e+00  -5.0601720e-01  -8.4727539e-01  -1.9861356e-01
   2.0000000e+00  -7.2816874e-01  -6.7208989e-01  -1.5423502e+00  -4.8738976e-01   5.2363321e-01  -8.1640968e-01
   2.0000000e+00  -9.7790383e-01  -8.1581837e-01  -1.3737717e+00  -2.1723759e-01   4.3192767e-01   8.3025648e-01
   1.0000000e+00  -6.0216303e-01   7.7575539e-01   1.2151421e+00  -2.4041660e+00   4.0566688e-01  -5.3302054e-01
   2.0000000e+00  -1.6928223e+00  -1.0929500e+00  -1.4459368e+00   7.8380902e-01   7.3835065e-02  -4.3436984e-01
   2.0000000e+00  -1.9460558e-01  -1.5346761e-01  -1.7247886e+00  -1.0775582e+00   1.5578503e+00   3.7319068e-01
   2.0000000e+00   2.5964936e-01   2.7756737e-01   8.0384020e-01   1.0650740e+00   3.0507842e-01  -2.0059273e+00
   2.0000000e+00   1.8644913e-01   9.3061620e-01   5.8155168e-01   1.1710306e+00   2.5256469e-02   1.1768248e+00
   1.0000000e+00   2.6141706e-01   3.6427460e-01  -9.0033892e-02  -1.8430977e+00  -2.5659570e-01  -1.3349230e-01
   2.0000000e+00  -1.0131719e+00  -1.2527421e+00  -7.0707119e-01   1.2688243e+00   1.3698173e-01   6.5183733e-01
   2.0000000e+00  -1.1997240e+00  -1.1806427e+00  -9.3913107e-01  -1.1400995e+00  -3.5014750e-02  -3.8112952e-01
   2.0000000e+00  -1.2697220e+00   5.6769999e-01  -7.2644519e-01  -1.3281544e+00   1.3438133e-01  -1.1904464e+00
   2.0000000e+00  -3.2422644e-01  -6.2362482e-01  -5.1227008e-02  -3.8033766e-01   1.3795327e+00   2.2374112e-01
   1.0000000e+00  -7.3396301e-01   3.7275337e-01   5.3840069e-01  -9.5601576e-01   8.3389287e-01  -6.4178996e-01
   2.0000000e+00   1.3014814e-01   7.9487090e-01  -5.6258309e-01  -1.7924781e+00  -3.5562151e+00  -1.3502588e+00
   1.0000000e+00   2.3962632e+00   6.8693521e-01  -1.6041649e+00   5.8581718e-01   3.7188990e-01  -2.6114271e-01
   2.0000000e+00  -9.7548913e-01   1.3318048e+00   2.6679240e-02   7.3559596e-01  -1.2626565e+00   1.7020010e+00
   2.0000000e+00   2.7509106e-01  -1.2847237e+00  -7.3485723e-01   4.0922150e-01   2.9330642e-01  -1.0045568e+00
   2.0000000e+00  -1.5411572e+00   1.6623926e+00   3.1198987e-01  -4.6835329e-01   4.3858597e-01  -8.1687921e-01
   2.0000000e+00  -4.6367492e-01  -9.3344076e-01  -2.2023438e+00   8.2915205e-01   1.0005690e+00  -7.8780826e-01
   2.0000000e+00   5.2950541e-01  -2.1048201e-02  -8.1558005e-01   3.7824190e-01   1.5833182e-01   5.8408604e-01
   1.0000000e+00  -2.1103107e+00   1.6650341e-01   4.8948932e-01  -7.2411414e-01  -1.2191883e+00   8.5564693e-01
   2.0000000e+00   1.0126369e+00   1.5748912e+00  -9.6652251e-01   6.1259098e-01   6.0819801e-01  -1.2404830e-01
   2.0000000e+00   1.1590520e+00   4.5987803e-01   1.4294096e+00  -9.2414317e-01   1.0573298e+00  -1.1543290e+00
   2.0000000e+00   4.7280145e-01  -8.1015912e-02   7.4527603e-01  -1.3263741e+00   1.3416625e+00  -1.3670588e+00
   2.0000000e+00  -7.8479206e-01  -1.5919696e+00  -8.2713593e-01   4.5959769e-02  -1.8973426e-01   1.5563325e+00
   2.0000000e+00   1.3265674e+00  -4.8292111e-01   1.1163217e-01   2.8606804e-01   1.1823892e-02  -1.4110759e+00
   2.0000000e+00   1.3134032e-01   1.2663620e+00  -3.5263953e-02  -1.2854907e+00   4.2162249e-01  -1.2202557e+00
   1.0000000e+00  -6.0735024e-01   2.0484639e-01  -1.3322962e+00   1.6716749e+00   9.4556785e-01  -8.2767516e-01
   2.0000000e+00  -1.3267591e+00  -1.5324719e+00   1.6798556e-01  -3.7283005e-01   1.0738908e+00  -1.8526052e-01
   1.0000000e+00  -3.1231254e-01   5.2998315e-01   4.0949967e-01   8.3543775e-01   1.2243586e+00   4.9316587e-01
   1.0000000e+00   2.5413618e-01   6.3841871e-01   1.2520729e+00  -9.0243428e-02  -1.2070174e+00  -5.8107915e-01
   1.0000000e+00   9.7864985e-01   4.9800074e-01   9.8060122e-01  -2.0461525e+00   1.0271684e+00   6.1844280e-01
   2.0000000e+00  -6.2983793e-01  -2.1609957e+00  -1.7133463e+00  -1.7592949e+00   3.4159412e-01   2.4070747e-01
   2.0000000e+00   4.2339203e-01  -1.5271295e-02   5.4275816e-01   1.1181529e+00   6.3747697e-01  -6.2861882e-01
   2.0000000e+00  -1.0571706e+00   3.8623713e-01   1.1428870e+00  -1.0105848e+00  -2.5081214e+00  -1.5589991e+00
   2.0000000e+00  -1.1843904e+00  -1.0493673e+00  -4.6508665e-01   2.3606256e+00   5.6400369e-01   1.9386242e-01
   2.0000000e+00   1.1542344e+00  -7.3565122e-01  -7.9202279e-01  -2.2110869e-03   2.4971578e-01   4.2201690e-02
   2.0000000e+00  -1.4479249e+00  -8.1195827e-01   4.0257547e-01   9.6711392e-01  -2.1622861e-01   5.1391550e-01
   2.0000000e+00   8.9025458e-01  -1.9554059e+00  -2.5186651e-01  -3.6086995e-01  -5.1411316e-01  -8.1606954e-01
   2.0000000e+00   1.2196601e+00  -1.1043474e-01  -4.3464500e-01  -7.6145771e-01  -1.5718163e-01   6.0325021e-01
   2.0000000e+00  -4.6499877e-01   1.2492033e+00  -3.3204263e-01   1.1160827e+00   3.0617026e-01   1.3037265e+00
   2.0000000e+00  -5.9079344e-01  -4.3965949e-01  -4.4994713e-01  -8.4571346e-01  -8.5984698e-01   2.2025754e-01
   2.0000000e+00  -1.3227286e+00  -3.8897637e-01  -2.1040693e+00  -1.8840581e+00  -1.3366139e+00   1.3889467e+00
   1.0000000e+00  -6.4635924e-01   7.3221175e-01  -1.0832458e+00  -1.5955413e+00   1.3636082e+00   1.7454486e-01
   2.0000000e+00   7.6681609e-01   1.6380215e+00   4.4063375e-01   9.2995699e-01  -7.6599914e-01   1.4765023e+00
   2.0000000e+00   8.2461796e-01   1.1981234e+00   1.9862186e-02  -3.7315566e-01  -6.6651446e-01  -1.5004778e+00
   2.0000000e+00  -1.4547066e-01  -1.4207305e+00   7.7682147e-01   4.9371809e-01  -1.1862630e+00   2.6833839e-01
   2.0000000e+00  -1.4249886e+00  -2.0421486e+00  -2.2323074e+00   4.6815341e-01   7.1686140e-03  -3.8227681e-01
   1.0000000e+00  -4.2627522e-01   7.7347282e-01   1.7072500e+00  -8.9865002e-01  -2.7306943e-01   4.2133712e-01
   2.0000000e+00  -4.8221378e-01   7.0517689e-02  -1.0826767e+00   1.0666675e-01   1.5560204e+00  -1.2566291e+00
   2.0000000e+00  -6.8719661e-01  -1.0433267e+00   5.1054336e-01   7.6491298e-01  -4.0717852e-01  -1.2762945e+00
   2.0000000e+00  -5.4575411e-01   1.0638647e+00  -3.1230360e-01  -1.2684001e-01  -7.3778833e-01  -4.7173533e-01
   2.0000000e+00   1.8258320e+00   4.1104886e-01  -2.5381838e-01   2.1704415e-01  -1.8909935e+00  -1.2010024e+00
   2.0000000e+00   1.6840033e-01  -1.4193176e+00   1.3172097e+00  -1.1380526e-01  -1.4338876e-01  -6.4621219e-02
   2.0000000e+00  -5.0088035e-01   1.1211960e+00   1.5317545e-01   9.1511993e-01   6.4629211e-01  -5.5587405e-01
   1.0000000e+00   2.0111666e+00   8.7150842e-01  -1.3370523e-01  -1.0580345e+00   6.5774327e-01   2.6381089e-01
   2.0000000e+00   2.2055296e-01  -3.2350007e-01  -2.2850307e+00   9.8146306e-01  -7.7655445e-02  -6.6184661e-01
   2.0000000e+00   2.0991953e+00   1.9220264e+00  -2.6804502e-01  -1.0032209e+00  -4.2631997e-01  -9.0024341e-01
   2.0000000e+00   1.2238059e+00  -1.5238212e+00  -1.2815083e+00  -7.2008977e-01   2.7164418e-01  -3.2286612e-01
   2.0000000e+00  -2.3942877e+00  -1.9778224e-01  -3.3259322e-01   5.9568848e-02   2.5157880e-01   2.2254782e-01
   2.0000000e+00  -1.7141813e+00   1.1943912e-01  -1.0457621e+00  -8.1615976e-01  -9.4136376e-01   1.1077146e+00
   1.0000000e+00  -1.8053995e+00   2.4314267e-01   3.7393656e-01   4.4695838e-01  -6.1205751e-01  -2.2061715e-01
   2.0000000e+00  -1.0263275e+00  -1.7831072e+00  -2.4660898e-01   8.0308677e-01   3.2385241e-01  -4.5357968e-01
   2.0000000e+00   1.7560417e-01  -2.0325505e+00  -1.3185261e+00   1.5669720e+00  -6.2970511e-01   2.5892013e-01
   2.0000000e+00   2.7696809e-01  -1.2194779e+00  -4.4363996e-01   1.0528471e+00  -4.2612755e-01  -3.5423996e-01
   2.0000000e+00   1.0999690e+00   1.1006400e-01   3.3036260e-01   7.5406404e-01  -3.1845041e-01  -1.4071006e+00
   1.0000000e+00  -7.1583468e-01   1.0243162e-01  -3.0215879e-01   5.7808590e-01   1.5220268e-01  -6.8597628e-01
   2.0000000e+00   1.0467042e+00   8.4156038e-01  -9.6740878e-01   3.8242424e-01   5.3756943e-01   6.1236895e-01
   2.0000000e+00   1.5495457e-01   1.6504948e+00   5.3279241e-01   1.4991648e-01   1.6839598e-01  -2.2020065e+00
   2.0000000e+00  -9.4898361e-02  -1.2441886e+00   3.9588662e-01   7.8065238e-01   1.4274599e+00   1.2341028e-01
   2.0000000e+00   2.4813072e-01  -4.6696357e-02  -7.8040116e-01  -5.6129438e-01   1.1267108e+00   9.7625006e-01
   2.0000000e+00   1.1018834e+00   1.1795173e+00  -1.6706988e-01   1.1602748e-01   1.4544785e+00   7.2086610e-01
   2.0000000e+00  -3.2845895e-01  -3.0114418e-01  -5.0904302e-01   2.0312930e+00  -6.0631854e-01   3.7495363e-01
   2.0000000e+00  -8.0803748e-01  -7.9635062e-01  -9.3218566e-01   6.7043065e-01   1.5649711e+00   6.7031968e-01
   2.0000000e+00  -3.7715776e-01  -8.8064074e-01  -8.3528469e-01   3.4290241e-01   1.2530597e+00  -5.7399614e-01
   1.0000000e+00   1.4380385e+00   6.5517270e-01  -2.0211077e+00   1.8337700e-01  -1.0076266e+00  -3.0305264e-01
   2.0000000e+00   7.1345701e-01   1.1997115e+00   3.8688450e-01   1.7927546e+00  -9.3139854e-01   2.3018634e-01
   2.0000000e+00  -1.0722967e+00  -1.6462334e+00   2.8637503e+00  -2.4112670e+00  -3.3611551e-02  -4.5879041e-01
   2.0000000e+00   4.0592616e-01   2.1762451e-01   3.1399032e-01   1.2002311e-01  -1.2632913e+00   1.0626488e+00
   1.0000000e+00  -9.2409979e-01   3.6832333e-01   7.1492294e-01  -4.9150965e-01   9.1982688e-01  -5.8217577e-01
   1.0000000e+00   1.5437634e+00   6.4176308e-01   1.4511438e+00  -9.7208887e-01  -6.8871105e-01  -2.8869897e-01
   2.0000000e+00  -1.9950491e+00  -6.7496731e-01  -1.1704485e+00  -1.4132405e+00  -1.7041299e+00   8.6150746e-01
   2.0000000e+00  -1.6161425e+00   2.5922994e+00  -6.0728633e-01  -1.8089924e-01  -3.0499776e-01   1.3731354e+00
   1.0000000e+00   8.1960590e-01   8.4133638e-02  -1.9629190e+00  -1.9901791e-01   6.0899690e-02  -1.6655673e-01
   2.0000000e+00  -5.3547932e-01   2.1008046e-01   7.5580847e-01  -4.4437899e-01  -1.7616117e+00   1.1632714e+00
   2.0000000e+00   3.9532622e-01  -1.2162567e+00  -6.0104636e-01   3.8342130e-01   1.2459030e-01  -9.9023995e-01
   1.0000000e+00  -5.3725901e-01   1.6226611e-02  -5.5321259e-02  -5.1995957e-01   4.0233189e-01  -3.7446021e-01
   2.0000000e+00   1.5407789e-01   1.0955741e+00  -2.1736179e+00  -7.8026194e-02  -1.1130645e+00  -1.0302754e-01
   1.0000000e+00  -2.0830138e+00   3.3861358e-01   1.4463787e+00   9.5230302e-01  -1.2030430e-01  -2.3711165e-01
   2.0000000e+00  -7.5814856e-01  -1.0761226e+00   7.8117357e-01  -1.1496637e+00  -3.7877071e-03  -8.9077125e-01
   2.0000000e+00   7.1497774e-02   4.4844477e-02  -4.8676526e-01   4.0345042e-01   2.9733475e-01  -1.3920512e+00
   2.0000000e+00  -1.4748867e+00   1.3729182e+00   2.8679476e+00  -4.4782936e-01   1.6417827e+00  -2.8281812e-01
   2.0000000e+00  -2.1755671e-01  -2.0349284e+00  -1.3685098e+00  -2.2582608e-01   6.8481042e-01   1.4949149e+00
   2.0000000e+00  -2.8329950e-01  -2.3159963e-01  -1.3120803e+00   4.7128263e-01  -5.9808277e-02   1.0641317e+00
   1.0000000e+00  -6.2914598e-01   1.6120855e-01   7.5858129e-01   3.0572071e-01  -1.0856659e+00   2.2205752e-01
   2.0000000e+00   4.5258837e-02  -6.2408959e-01   8.9353522e-01   3.1109469e-01  -6.7528873e-01   9.4189934e-01
   1.0000000e+00   2.3680861e-03   8.8119070e-01  -5.5107517e-01   5.4834914e-01   3.8602632e-01  -1.6525390e-01
   2.0000000e+00  -8.0792910e-01  -1.1530495e-01  -3.2920394e-01   5.2344424e-01   6.9614297e-01   2.6071388e-01
   2.0000000e+00  -5.1875305e-02   1.5425862e+00  -4.4304903e-01   9.3419554e-01   1.2371812e+00  -1.0630120e-01
   1.0000000e+00   1.0285911e+00   4.4442102e-02  -5.8050950e-01  -2.9640136e-01  -3.8910153e-01   2.4819321e-01
   2.0000000e+00   9.1236772e-01   1.2063977e+00  -3.5164634e-01   6.4377417e-01   1.8774494e-01  -8.0200734e-01
   2.0000000e+00  -1.1898218e+00  -9.2335074e-01  -2.2458075e-01   1.6832239e+00   9.5155387e-01   6.4615242e-01
   2.0000000e+00   1.3780456e+00   8.2446710e-02   7.0001059e-01  -7.4331080e-01   1.0558853e+00  -1.6291404e+00
   2.0000000e+00   5.3075506e-01   4.3408417e-01   9.4844688e-01   1.4478937e-01   7.8610884e-01  -1.0895393e+00
   2.0000000e+00   1.7285124e+00  -1.1985116e+00   2.4222219e-01   4.3899570e-01   1.0147464e+00   6.0731765e-01
   2.0000000e+00  -2.6774149e-01  -1.1902808e+00   1.0028327e-01   1.8876580e+00  -2.7224023e-01  -1.3487330e-02
   2.0000000e+00   5.5652589e-01  -1.5824574e+00  -6.9615353e-01  -1.2431718e+00   6.7249318e-01  -5.4540952e-02
   2.0000000e+00   2.2097105e+00   4.0329103e+00  -1.4087221e+00   1.3602202e+00   2.4881245e-01  -1.4824431e+00
   2.0000000e+00  -2.1596075e-01  -3.4102773e-02  -1.8008859e-01   1.9666888e-01  -7.9754116e-01  -8.6552058e-01
   2.0000000e+00   3.5022355e-01  -4.4030201e-01  -9.1736987e-01  -6.7340904e-01  -2.8714035e-01   1.1199770e+00
   1.0000000e+00   1.6691851e+00   6.8402824e-01  -1.4264221e+00  -7.6692039e-01   9.5935297e-01  -1.2514379e-01
   2.0000000e+00   8.2213912e-01  -3.1985422e-02   1.2851026e+00  -6.0356059e-01  -1.5576234e+00  -2.2931133e+00
   1.0000000e+00   1.7812311e-01   2.2365987e-01   4.1370607e-01  -1.1773621e+00  -5.0393060e-01  -5.9670777e-02
   2.0000000e+00   2.0339996e+00  -1.2040878e+00   1.8415706e+00  -3.3101328e-01   1.6502607e-01   1.0183676e+00
   2.0000000e+00   7.4602531e-01  -2.3108000e-01   1.1847548e+00  -6.7291684e-01  -9.1608701e-01   1.3139176e+00
   2.0000000e+00  -2.1375559e+00  -9.2171452e-01  -7.5818870e-01   1.5975629e+00  -3.6987429e-01   2.6834537e-02
   1.0000000e+00  -1.6204250e-01   1.5764519e-01  -1.3467576e+00   1.1925089e+00   5.4795751e-03  -6.6907603e-02
   2.0000000e+00  -7.5489614e-01  -4.3698639e-01  -1.1477565e+00   3.0317942e-04  -7.4915085e-01  -7.0575945e-01
   2.0000000e+00  -1.0453258e+00  -7.2767443e-01  -7.5811423e-01   2.0546499e-01   8.0621640e-01   7.0488652e-01
   2.0000000e+00  -6.6871626e-01  -4.1805887e-01  -1.5688183e+00   4.5473281e-01   3.4507658e-01  -1.1158418e+00
   2.0000000e+00  -3.8870125e-01   9.9452244e-01   6.0063757e-02   1.0638999e+00  -1.7055238e+00  -1.3554689e+00
   1.0000000e+00   1.2262215e+00   6.1627310e-01  -1.1094063e+00   8.2264939e-01   1.2060576e+00  -5.1889949e-01
   2.0000000e+00  -1.5385459e+00  -4.9378793e-01  -1.3684628e+00  -2.6809659e+00   1.5772192e+00   9.3018126e-01
   1.0000000e+00  -9.3104417e-01   4.2537596e-01   3.0917183e-01  -1.3159326e+00   1.0341673e+00  -8.7933435e-01
   2.0000000e+00  -2.2166876e+00  -3.8967676e-01   4.2865630e-01  -5.2224207e-01   3.1008372e-01   2.6346340e-01
   2.0000000e+00   1.5685977e+00  -2.2858237e-01   1.4459032e-01   8.8911166e-01   3.2939341e+00  -8.1248728e-01
   2.0000000e+00  -1.6795556e+00  -5.7208314e-01   9.7952340e-01   1.0432704e+00  -5.0301470e-01   1.7745138e+00
   2.0000000e+00  -8.0096721e-01  -2.4653391e-01   3.5802845e-01  -7.4624532e-01   6.2911500e-01   5.0493754e-01
   2.0000000e+00   1.8379747e+00  -1.4768243e+00   1.8921687e-01   3.3137952e-01   5.0204747e-01  -1.2051867e+00
   2.0000000e+00   2.0612639e-01  -8.3158210e-01  -1.1572433e+00  -2.9427593e-01   9.6642442e-01   1.0868144e+00
   2.0000000e+00   1.7395782e+00  -9.5639129e-01  -1.2679309e+00   3.6186462e-01   8.1649451e-01  -1.3386380e+00
   2.0000000e+00  -1.3836995e-02  -1.2446684e+00  -4.3715513e-01   1.2270561e+00   5.7492945e-01  -1.5851334e+00
   2.0000000e+00  -3.2990495e-01   8.1076628e-01   5.6492272e-01  -4.3062426e-01  -7.2541779e-01   5.9582643e-01
   2.0000000e+00  -5.0201837e-01  -9.0396872e-03   1.2859267e-01   2.0394010e+00   2.9976544e-01  -5.1864153e-01
   2.0000000e+00  -1.7730005e+00  -1.9086850e+00   4.3722671e-01  -5.2343423e-01  -6.0316017e-01  -1.0220620e+00
   2.0000000e+00  -9.4471475e-02  -8.0275066e-01  -1.1345505e-02  -4.7265138e-01   9.6475319e-01   1.0875410e+00
   2.0000000e+00   1.5967288e+00  -8.2822024e-01   1.1859348e+00   7.5640792e-01  -1.2583411e+00  -1.2367959e+00
   2.0000000e+00   9.7391823e-01   1.1726442e+00  -1.4051606e+00  -5.4310754e-01  -4.6267180e-01   2.4739115e+00
   1.0000000e+00   7.1105556e-01   5.3114199e-01   3.0481191e+00  -1.0922913e+00  -6.7153252e-01  -1.1782468e-01
   2.0000000e+00  -1.4106505e+00   1.2826684e+00   8.9510755e-02  -5.3460262e-01  -3.9894117e-01  -5.6638889e-01
   2.0000000e+00   1.2426963e+00  -1.0569589e+00  -9.0032320e-01   1.1746381e+00  -2.3871874e-01   2.0568962e+00
   2.0000000e+00   1.3330406e+00  -1.1456376e-01  -5.3417717e-01  -1.0765941e-01  -1.2548900e-01   7.7688670e-01
   2.0000000e+00   1.2086696e+00  -1.1501852e+00  -2.9636587e+00  -2.3521545e-01  -1.7653791e-01  -7.0982421e-01
   2.0000000e+00  -9.4732302e-01   1.0952255e+00   9.0590806e-01   5.9457137e-01   1.4978572e+00   9.7757078e-01
   2.0000000e+00   8.7943861e-01  -4.1568923e-01   4.5683994e-01  -6.7120691e-01   3.6669939e-01  -3.5839659e-01
   1.0000000e+00   1.8454659e+00   6.6117101e-01   3.3099657e-01   1.5067098e+00   1.2073600e+00   7.0958612e-01
   2.0000000e+00   1.8252353e+00   6.8707351e-01   1.8664732e+00  -8.4466072e-01  -5.1742755e-01   1.0501127e+00
   2.0000000e+00   2.9391355e-01  -4.7696835e-01   7.6986197e-01   1.3429612e+00   2.6476036e-01  -1.0351846e-02
   1.0000000e+00  -2.3615788e-01   7.7260283e-01   1.9305487e+00   1.3709640e+00  -1.5231000e-01  -2.5191812e-02
   2.0000000e+00  -1.2589797e+00  -1.3108699e-01   5.1594756e-01  -2.3913919e+00   9.1091626e-01   7.3737880e-01
   2.0000000e+00   1.2060487e-01  -2.2083576e-01   9.6906903e-01  -6.0321691e-01   7.3938921e-01  -1.3598093e-01
